
Dual Tolerance: 
1
91.8903
148.346
181.212
110.016
62.5729
24.2853
2.82155
11.4101
8.64765
2.83997
1.28973
2.15435
1.39391
0.361895
0.310886
0.408787
0.240671
0.0452882
0.0712923
0.0813312
0.0431249
0.00387761
0.0169336
0.0165858
0.00767092
0.000659127
0.0040391
0.00337327
0.00128452
0.000392687
0.000935361
0.000670931
0.000187393
0.000136629
0.000208883
0.000127616
2.10177e-05
3.9127e-05
4.48794e-05
2.30642e-05
4.65455e-07
1.03038e-05
9.21602e-06
4.11301e-06
7.62957e-07
2.46941e-06
1.88126e-06
5.94416e-07
3.20453e-07
5.57662e-07
3.59683e-07
7.38127e-08
9.70547e-08
1.20965e-07
6.52799e-08
4.53551e-09
2.54762e-08
2.48808e-08
1.43165e-08
4.02171e-09
7.02777e-09
5.65075e-09
2.27567e-09
1.3853e-09
1.68095e-09
3.19578e-09
3.9534e-09
1.08975e-09
1.96238e-09
1.41955e-09
6.22226e-09
2.38778e-09
2.70354e-09
3.97305e-09
2.31352e-09
2.09981e-10
5.38272e-10
6.90659e-10
3.56301e-08
1.42837e-08
1.93316e-09
1.18961e-08
5.3842e-09
3.07835e-09
2.54806e-09
1.4265e-09
1.54434e-09
1.07645e-09
2.84078e-09
8.92754e-10
2.94571e-09
3.14174e-09
5.54275e-09
3.9192e-09
7.95324e-10
1.03941e-09
5.0623e-10
7.42749e-09
2.34754e-09
8.21444e-09
9.57243e-09
2.9504e-09
2.29074e-09
5.22594e-10
1.71873e-09
1.42579e-09
1.02714e-08
5.86172e-09
1.43006e-09
3.69434e-09
1.36824e-09
3.28912e-09
1.88623e-09
3.13044e-09
1.83381e-09
1.52927e-09
8.4552e-10
1.54956e-09
1.23546e-09
3.97436e-09
1.94256e-09
1.36835e-09
2.56781e-09
1.52817e-09
1.69337e-09
1.1543e-09
1.69725e-09
4.38702e-10
2.1067e-09
8.96468e-10
9.18898e-09
6.68088e-09
3.36531e-09
4.31162e-09
1.28802e-09
7.13736e-10
4.47157e-10
3.08065e-09
4.15448e-09
5.91362e-09
6.91609e-09
2.50782e-09
1.63622e-09
3.58809e-10
1.48545e-09
1.68963e-09
1.06449e-08
6.67339e-09
1.59403e-09
2.84676e-09
1.10831e-09
2.1836e-09
1.08495e-09
2.8149e-09
1.29857e-09
2.19513e-09
1.76737e-09
1.83797e-09
8.08839e-10
7.36598e-10
2.96969e-10
3.31145e-09
1.88346e-09
8.80794e-09
8.82896e-09
2.40162e-09
2.21894e-09
6.13336e-10
1.31161e-09
1.01966e-09
4.95675e-09
2.16515e-09
1.11177e-09
2.48749e-09
1.09578e-09
1.77504e-09
1.16e-09
1.99751e-09
7.40213e-10
1.32063e-09
7.93567e-10
3.10373e-09
1.25091e-09
2.05375e-09
2.40254e-09
1.57773e-09
6.1931e-10
4.98474e-11
1.00569e-09
4.07193e-09
4.2658e-08
2.97009e-08
8.165e-09
6.77607e-09
2.41983e-09
8.87268e-10
1.63274e-09
1.51589e-09
2.21103e-09
7.98997e-10
3.97984e-10
5.12001e-10
2.07978e-09
3.78137e-09
1.35221e-09
2.74348e-09
1.49274e-09
1.06593e-09
5.07757e-10
9.29957e-10
1.07788e-09
2.83849e-09
1.23993e-09
3.10479e-10
1.22727e-09
1.05322e-09
5.3459e-09
3.45904e-09
6.25514e-10
1.63569e-09
6.26777e-10
2.70788e-09
1.38121e-09
2.14691e-09
1.85534e-09
7.85646e-10
3.8782e-10
2.97943e-10
1.71105e-09
3.27185e-09
2.85917e-09
3.92215e-09
1.71695e-09
9.68496e-10
1.75599e-10
8.47983e-10
1.43198e-09
8.46643e-09
5.46647e-09
1.70851e-09
1.94263e-09
7.58571e-10
7.6955e-10
6.36873e-10
1.69727e-09
7.43151e-10
8.38093e-10
1.19562e-09
1.22235e-09
2.27575e-10
2.33411e-10
2.45433e-10
5.73955e-09
2.49779e-09
1.27813e-09
4.86821e-09
1.96523e-09
7.45137e-10
5.39092e-10
6.62866e-10
1.50141e-09
1.3632e-09
3.9592e-10
9.30562e-10
4.7178e-10
2.42938e-09
1.21536e-09
1.50427e-09
1.72966e-09
6.39086e-10
1.40864e-10
9.04771e-11
1.70431e-09
7.4653e-09
6.88069e-09
8.9852e-09
3.49979e-09
2.10311e-09
3.93656e-10
6.62867e-10
8.44368e-10
2.56256e-09
8.17405e-10
2.38433e-10
9.16048e-10
9.54084e-10
3.28485e-09
2.22241e-09
4.08704e-10
8.94871e-10
3.63665e-10
2.07401e-09
9.03092e-10
1.74357e-09
1.70358e-09
6.72291e-10
4.42677e-10
1.34285e-10
1.03201e-09
1.39386e-09
5.07981e-09
4.29229e-09
1.34152e-09
1.17414e-09
3.62994e-10
5.7611e-10
5.92727e-10
1.94688e-09
6.28793e-10
1.36673e-10
9.11766e-10
1.06427e-09
4.73074e-09
3.55311e-09
8.55864e-10
1.02986e-09
3.76627e-10
7.76274e-10
4.69796e-10
1.55677e-09
6.93813e-10
7.0882e-10
8.90023e-10
6.29509e-10
1.88907e-10
1.31691e-10
6.19542e-10
3.07682e-09
2.72932e-09
3.07409e-09
1.67259e-09
1.00278e-09
2.25566e-10
3.8969e-10
6.74307e-10
2.5805e-09
8.89736e-10
5.74485e-10
9.18933e-10
5.34789e-10
5.61359e-10
3.1961e-10
6.51129e-10
2.91144e-10
1.0408e-09
5.85906e-10
1.18284e-09
1.08699e-09
4.85317e-10
3.83225e-10
1.47739e-10
8.1701e-10
8.5868e-10
2.67961e-09
2.30405e-09
7.46048e-10
7.52841e-10
2.30685e-10
6.00937e-10
4.79208e-10
1.86135e-09
9.84328e-10
3.21281e-10
7.8081e-10
3.62901e-10
1.17712e-09
6.21206e-10
8.21796e-10
7.1822e-10
4.14786e-10
8.50441e-11
2.33458e-10
9.30893e-10
4.72929e-09
2.36517e-09
1.65048e-09
1.33776e-09
5.5641e-10
1.73698e-10
3.94939e-10
8.11572e-10
2.08038e-09
9.76722e-10
6.52475e-10
6.68682e-10
3.10838e-10
3.67791e-10
3.50311e-10
9.61803e-10
3.38855e-10
2.30314e-10
5.90589e-10
8.2062e-10
8.5643e-10
7.11381e-10
2.87674e-10
1.99777e-10
2.11434e-10
1.06468e-09
1.13725e-09
5.21228e-10
1.21565e-09
5.8494e-10
3.77985e-10
2.45034e-10
4.50341e-10
6.06415e-10
8.18359e-10
4.36312e-10
2.39041e-10
2.28961e-10
4.82798e-10
9.40558e-10
5.7447e-10
5.60617e-10
4.36438e-10
2.94067e-10
1.48902e-10
3.79478e-10
6.69572e-10
1.35935e-09
9.24742e-10
4.94788e-10
4.58594e-10
1.87572e-10
4.18042e-10
3.90066e-10
1.17631e-09
6.12643e-10
1.70572e-10
5.02018e-10
3.33483e-10
1.35329e-09
7.85032e-10
3.21681e-10
5.78386e-10
2.48107e-10
5.75988e-10
2.45554e-10
7.42454e-10
4.15332e-10
6.74787e-10
5.51787e-10
3.18572e-10
1.57677e-10
1.79754e-10
5.34617e-10
1.13616e-09
4.20004e-10
7.72016e-10
4.9418e-10
3.73892e-10
1.51115e-10
2.94915e-10
3.86607e-10
1.17281e-09
5.30437e-10
2.04048e-10
4.69472e-10
3.10056e-10
8.2712e-10
4.45375e-10
3.01849e-10
3.65312e-10
2.83627e-10
3.45923e-10
1.57206e-10
3.03104e-10
9.04967e-11
8.82123e-10
3.40993e-10
1.68025e-09
1.6144e-09
4.76598e-10
5.09777e-10
1.32346e-10
3.49312e-10
2.69764e-10
1.28518e-09
6.6746e-10
2.17416e-10
5.58618e-10
2.36481e-10
6.47758e-10
3.60921e-10
5.13613e-10
3.71725e-10
2.58297e-10
7.646e-11
2.27341e-10
4.63569e-10
1.86812e-09
1.12044e-09
5.29238e-10
5.54002e-10
2.14432e-10
2.29007e-10
2.23464e-10
6.45771e-10
2.66805e-10
1.46463e-10
4.03178e-10
4.0938e-10
6.2428e-10
4.8749e-10
1.00974e-10
1.48015e-10
1.89426e-10
1.37632e-09
4.62179e-10
1.13496e-10
7.06037e-10
3.4225e-10
1.01193e-09
8.00031e-10
2.21823e-10
2.66131e-10
1.07018e-10
5.29426e-10
2.46244e-10
9.23956e-10
8.03977e-10
3.21379e-10
3.88414e-10
1.16158e-10
2.92243e-10
1.78319e-10
9.3463e-10
4.81398e-10
3.08409e-10
5.26312e-10
2.01021e-10
1.78959e-10
1.01376e-10
4.85201e-10
3.31371e-10
6.97694e-10
7.60821e-10
2.524e-10
2.33058e-10
5.94447e-11
3.91089e-10
3.50583e-10
1.62395e-09
1.28047e-09
3.71888e-10
4.23988e-10
1.41397e-10
2.58727e-10
1.94477e-10
6.46193e-10
2.44801e-10
1.76524e-10
3.34047e-10
2.97466e-10
2.65711e-10
1.76689e-10
7.889e-11
1.07332e-10
3.49292e-10
9.05902e-10
2.9648e-10
5.60017e-10
3.80547e-10
2.26882e-10
9.10433e-11
1.61311e-10
3.12319e-10
7.85903e-10
3.16137e-10
2.69798e-10
2.88073e-10
1.89888e-10
1.44789e-10
1.33687e-10
2.66588e-10
2.87042e-10
1.94589e-10
2.34905e-10
1.04928e-10
1.73563e-10
8.38903e-11
5.49063e-10
1.94702e-10
5.62981e-10
6.56776e-10
2.78421e-10
2.394e-10
5.15189e-11
1.98866e-10
2.43943e-10
1.31114e-09
8.25601e-10
2.48527e-10
3.81849e-10
1.46379e-10
2.38133e-10
1.35824e-10
3.9024e-10
1.28108e-10
2.67793e-10
2.51535e-10
3.79307e-10
1.97514e-10
5.40889e-11
5.95647e-11
2.68631e-10
1.0725e-09
4.4252e-10
7.20801e-10
4.51518e-10
2.28709e-10
3.81866e-11
1.27291e-10
3.17912e-10
1.50563e-09
8.33829e-10
4.07414e-10
4.00078e-10
1.61845e-10
1.04107e-10
1.35592e-10
3.2209e-10
3.41217e-10
9.9055e-11
2.23451e-10
1.19944e-10
4.19054e-10
2.04412e-10
2.50622e-10
2.58265e-10
1.48546e-10
1.62034e-11
4.94288e-11
4.00284e-10
2.87496e-09
1.40653e-09
1.00507e-09
7.30283e-10
3.13071e-10
5.61957e-11
1.69926e-10
2.29431e-10
7.74037e-10
4.0453e-10
1.53109e-10
2.28324e-10
9.62196e-11
2.17853e-10
1.09806e-10
3.2289e-10
1.70787e-10
2.06263e-10
2.01038e-10
1.29357e-10
1.98947e-11
5.99139e-11
2.747e-10
1.79667e-09
9.18487e-10
5.98734e-10
4.81707e-10
2.03357e-10
4.87519e-11
1.24526e-10
2.1653e-10
6.71321e-10
3.29829e-10
1.70866e-10
2.10173e-10
8.95222e-11
1.35191e-10
9.3112e-11
2.85582e-10
9.10026e-11
1.44997e-10
1.90035e-10
2.5157e-10
8.50716e-11
1.95819e-11
2.47926e-11
3.66306e-10
1.39832e-09
5.13996e-10
9.93817e-10
5.44489e-10
2.6785e-10
3.15573e-11
1.1386e-10
1.78117e-10
8.73188e-10
4.70896e-10
1.79584e-10
2.39295e-10
9.74358e-11
1.1051e-10
8.18894e-11
2.16055e-10
8.3217e-11
1.25476e-10
1.47695e-10
1.90109e-10
5.87065e-11
1.94594e-12
1.24154e-11
1.03413e-09
3.74311e-09
1.93359e-09
1.2529e-09
1.03144e-09
5.09967e-10
5.97024e-11
1.921e-10
1.75461e-10
2.31093e-10
1.0222e-10
5.82283e-11
5.56642e-11
6.61051e-11
1.21493e-10
8.7985e-11
2.96268e-11
5.91212e-11
4.54669e-11
2.45352e-10
1.06606e-10
6.52563e-11
1.52174e-10
6.48952e-11
6.49188e-11
5.13469e-11
9.34379e-11
4.83759e-11
7.09956e-11
4.84957e-11
9.28181e-11
2.90279e-11
7.49296e-11
4.98813e-11
2.01861e-10
1.10959e-10
6.04646e-11
1.04607e-10
4.14893e-11
6.95166e-11
3.69695e-11
1.26883e-10
4.60719e-11
1.04606e-10
1.00759e-10
9.31748e-11
5.86639e-11
1.47143e-11
1.46965e-11
8.06472e-11
2.35189e-10
1.16357e-10
1.06786e-10
1.05783e-10
5.38725e-11
1.22978e-11
3.15747e-11
9.23849e-11
1.67811e-10
8.56082e-11
6.79533e-11
4.83856e-11
2.10908e-11
1.96493e-11
4.25788e-11
9.78899e-11
7.06626e-11
5.8268e-11
5.81477e-11
3.07338e-11
1.58649e-11
2.94543e-11
9.38682e-11
1.12327e-10
9.93082e-11
9.02089e-11
5.86592e-11
2.28824e-11
1.81581e-11
6.152e-11
1.08507e-10
6.23029e-11
1.32892e-10
2.59785e-11
1.17479e-10
1.02817e-10
1.14457e-10
6.10672e-11
2.42047e-11
9.05521e-12
4.55586e-11
1.46722e-10
2.65419e-10
2.02402e-10
1.22296e-10
8.92952e-11
2.4317e-11
2.78394e-11
5.35249e-11
1.28665e-10
5.54422e-11
4.18191e-11
5.22335e-11
3.86792e-11
3.93218e-11
2.76831e-11
4.52143e-11
3.39799e-11
5.64381e-11
2.00468e-11
3.2005e-11
1.13241e-11
1.30379e-10
5.69325e-11
2.095e-10
2.19813e-10
8.17899e-11
7.01229e-11
1.83769e-11
4.30206e-11
6.88565e-11
1.76948e-10
8.26056e-11
4.80052e-11
5.94852e-11
3.37363e-11
5.31014e-11
3.90155e-11
7.11769e-11
2.05645e-11
3.23147e-11
1.08138e-11
1.54288e-10
6.96818e-11
2.43115e-10
2.84033e-10
8.63747e-11
6.85334e-11
1.61732e-11
5.10462e-11
9.06503e-11
2.19864e-10
1.42611e-10
6.12696e-11
6.05624e-11
2.677e-11
5.83575e-11
6.05108e-11
1.15159e-10
6.27674e-11
1.84513e-11
2.95866e-11
8.80498e-11
2.22311e-10
9.21215e-11
1.01301e-10
5.48641e-11
3.89372e-11
1.98299e-11
7.71108e-11
1.12655e-10
1.60352e-10
1.87945e-10
4.23062e-11
2.85297e-11
2.21156e-11
1.51467e-10
1.45081e-10
9.4071e-11
2.34579e-10
3.52489e-11
3.22864e-11
1.82457e-11
2.12831e-10
1.20923e-10
1.72738e-10
3.28645e-10
5.38017e-11
2.4598e-11
1.33702e-11
2.00778e-10
2.88892e-10
2.55364e-10
4.30246e-10
1.35546e-10
7.0558e-11
8.93286e-12
7.63203e-11
2.91885e-10
7.81802e-10
6.89557e-10
2.15776e-10
1.5299e-10
4.26692e-11
5.2555e-11
9.49955e-11
1.90125e-10
5.33083e-11
6.20797e-11
3.89168e-11
1.39283e-10
6.18421e-11
1.03628e-10
1.1297e-10
8.99863e-11
3.77842e-11
1.34883e-11
9.05503e-11
3.53159e-10
5.18671e-10
5.73803e-10
2.00978e-10
1.25893e-10
2.81898e-11
6.74505e-11
1.56539e-10
3.36005e-10
1.86754e-10
1.09648e-10
8.17418e-11
4.77568e-11
8.04619e-11
1.15983e-10
1.46788e-10
6.85464e-11
4.01336e-11
3.13408e-11
1.67357e-10
2.46916e-10
1.37884e-10
2.9157e-10
9.79293e-11
5.69505e-11
1.91931e-11
1.54046e-10
3.14898e-10
4.88396e-10
5.60802e-10
1.72107e-10
1.10479e-10
2.35371e-11
1.01298e-10
2.45487e-10
5.18646e-10
4.23794e-10
1.5483e-10
1.12841e-10
3.79246e-11
1.03002e-10
1.77166e-10
3.1509e-10
2.19559e-10
9.31736e-11
7.35359e-11
6.1577e-11
1.6381e-10
1.48537e-10
8.93198e-11
1.33338e-10
6.4186e-11
1.00487e-10
3.65406e-11
1.8689e-10
8.47447e-11
3.23367e-10
3.19713e-10
1.21608e-10
1.55362e-10
4.35478e-11
1.27593e-10
1.23328e-10
3.57021e-10
2.37004e-10
5.37552e-11
1.07896e-10
1.31378e-10
3.44385e-10
1.60058e-10
3.34716e-11
8.23003e-11
2.59805e-10
5.90681e-10
3.68263e-10
2.08735e-10
1.25942e-10
5.74934e-11
1.0362e-10
2.15325e-10
2.99869e-10
1.55064e-10
1.23276e-10
6.52108e-11
1.21087e-10
1.6722e-10
2.48595e-10
1.37139e-10
5.71692e-11
4.21302e-11
2.21304e-10
4.83181e-10
2.47055e-10
5.07083e-10
1.64859e-10
9.48366e-11
2.01036e-11
2.23293e-10
6.45431e-10
1.2178e-09
1.33207e-09
3.45937e-10
2.21413e-10
4.73555e-11
1.3472e-10
3.13921e-10
6.14614e-10
4.11852e-10
1.89589e-10
1.30011e-10
7.47712e-11
1.8215e-10
2.56327e-10
2.66016e-10
2.36615e-10
8.06723e-11
5.63725e-11
1.5656e-10
5.22912e-10
3.12438e-10
4.18062e-10
2.08917e-10
1.12479e-10
1.83745e-11
2.2517e-10
9.80381e-10
1.9961e-09
2.12632e-09
5.19833e-10
3.29636e-10
7.13851e-11
1.47065e-10
3.2303e-10
6.09753e-10
3.03231e-10
1.99296e-10
1.22884e-10
1.39509e-10
2.16371e-10
2.79731e-10
8.33496e-11
8.75172e-11
1.45551e-10
6.18733e-10
1.61363e-10
2.47996e-10
2.11902e-10
2.94419e-10
6.72745e-11
8.6568e-11
2.39058e-10
8.76842e-10
2.14829e-10
4.61651e-10
2.05631e-10
2.32628e-10
8.15501e-11
2.49054e-10
2.66341e-10
5.60005e-10
4.56972e-10
1.06475e-10
1.37466e-10
2.31404e-10
6.41427e-10
1.71022e-10
1.97669e-10
1.06979e-10
3.93832e-10
1.96668e-10
3.41314e-10
3.73876e-10
2.26797e-10
1.18528e-10
7.17246e-11
3.63517e-10
7.18774e-10
5.00741e-10
8.91291e-10
2.51437e-10
1.38023e-10
3.59259e-11
4.81455e-10
1.2421e-09
1.8345e-09
2.31792e-09
5.42583e-10
3.23839e-10
5.95025e-11
2.71687e-10
7.81907e-10
1.40943e-09
1.26042e-09
4.04816e-10
2.55999e-10
9.39411e-11
3.21653e-10
5.98115e-10
7.88952e-10
7.55483e-10
2.47636e-10
1.54449e-10
1.4487e-10
5.59176e-10
5.74229e-10
1.60562e-10
5.51901e-10
2.60075e-10
5.42612e-10
3.95425e-10
2.7199e-10
1.51317e-10
2.13317e-10
4.37918e-10
5.50065e-10
2.08737e-10
2.80552e-10
1.61768e-10
5.15868e-10
1.95257e-10
3.91763e-10
3.38766e-10
4.99917e-10
2.46239e-10
1.04041e-10
7.0196e-11
8.607e-10
1.70826e-09
7.36481e-10
2.11107e-09
5.20248e-10
2.60042e-10
7.04824e-11
5.10543e-10
1.32389e-09
1.76123e-09
2.10014e-09
5.34168e-10
3.18927e-10
9.65561e-11
4.84421e-10
1.03903e-09
1.37756e-09
1.52355e-09
4.22538e-10
2.56654e-10
1.38665e-10
6.29105e-10
8.96827e-10
7.09769e-10
1.09484e-09
2.70113e-10
1.65708e-10
1.86565e-10
1.08719e-09
9.55501e-10
2.74714e-10
9.7253e-10
3.78284e-10
5.81886e-10
4.1834e-10
4.61013e-10
8.98443e-11
2.98101e-10
1.09859e-09
2.35717e-09
1.97414e-09
8.11062e-10
4.13323e-10
1.44855e-10
4.47598e-10
1.10398e-09
1.32355e-09
1.23894e-09
4.76312e-10
2.53566e-10
2.10084e-10
8.05459e-10
1.06687e-09
3.46374e-10
9.9583e-10
2.97906e-10
5.95633e-10
2.53263e-10
8.23117e-10
2.06459e-10
7.15746e-10
3.00109e-10
1.1747e-09
7.3661e-10
5.88924e-10
7.02147e-10
3.34412e-10
2.51732e-10
3.22676e-10
1.08413e-09
7.37442e-10
3.60769e-10
7.01306e-10
5.38385e-10
6.24016e-10
3.34501e-10
3.35113e-10
3.54272e-10
9.35708e-10
4.1526e-10
9.30289e-11
4.01511e-10
2.65775e-09
3.78751e-09
3.92053e-09
1.3236e-09
6.33878e-10
1.6275e-10
5.77304e-10
1.75668e-09
2.28015e-09
2.14845e-09
7.81748e-10
4.12268e-10
2.41265e-10
9.26957e-10
1.50904e-09
9.41136e-10
1.56441e-09
3.72898e-10
3.12829e-10
3.9802e-10
1.79383e-09
8.56661e-10
5.14708e-10
9.4857e-10
7.60351e-10
5.46366e-10
3.31566e-10
5.57358e-10
1.05268e-09
9.98853e-10
6.93761e-10
4.30419e-10
3.53591e-10
8.50452e-10
1.29407e-09
5.1716e-10
1.04577e-09
3.02977e-10
8.90233e-10
4.50312e-10
1.70724e-09
9.63763e-10
6.95241e-10
9.70308e-10
6.85159e-10
4.98327e-10
1.99595e-10
9.4808e-10
2.27354e-09
2.25824e-09
3.28023e-09
8.58571e-10
4.32442e-10
2.8584e-10
1.62611e-09
2.33933e-09
9.37846e-10
2.53714e-09
5.67901e-10
5.8433e-10
2.52909e-10
1.85511e-09
1.79205e-09
1.77877e-09
3.19601e-09
6.45872e-10
3.14306e-10
4.74776e-10
2.75438e-09
2.40571e-09
1.42219e-09
1.86482e-09
6.09991e-10
4.18405e-10
6.941e-10
2.36018e-09
1.33785e-09
1.20894e-09
9.81233e-10
7.01456e-10
4.81605e-10
9.18274e-10
1.56922e-09
1.05897e-09
1.13195e-09
3.24355e-10
7.05338e-10
1.88296e-09
3.1483e-09
2.25206e-09
1.32382e-09
5.30957e-10
5.39363e-10
1.67425e-09
2.55551e-09
4.95941e-10
1.78465e-09
1.16368e-09
2.19575e-09
1.74421e-09
4.94482e-10
3.44382e-10
1.72065e-09
4.24771e-09
1.18299e-09
3.8199e-09
7.57686e-10
9.37074e-10
3.77644e-10
2.34759e-09
1.99229e-09
2.11929e-09
3.58999e-09
7.21227e-10
3.23688e-10
9.67e-10
4.87642e-09
3.15334e-09
4.15164e-09
1.75605e-09
7.44873e-10
3.0654e-10
2.00977e-09
4.96043e-09
3.03079e-09
5.66428e-09
1.22873e-09
6.62857e-10
5.60676e-10
2.9366e-09
3.17541e-09
5.92039e-10
3.09312e-09
1.99972e-09
2.54513e-09
2.73708e-09
6.02844e-10
6.46701e-11
2.53948e-09
2.91669e-08
2.83095e-08
4.2071e-08
6.43878e-09
3.01124e-09
3.88592e-10
1.73741e-09
5.7636e-09
5.50611e-09
5.98491e-09
1.68975e-09
8.17868e-10
9.31942e-10
3.35183e-09
3.11148e-09
1.04608e-09
2.19479e-09
1.75307e-09
1.96881e-09
9.96215e-10
8.37889e-10
1.54962e-09
3.24281e-09
8.33984e-10
1.97237e-09
1.45559e-09
2.8174e-09
1.47866e-09
6.15139e-10
3.54356e-10
4.64899e-09
8.74952e-09
2.55533e-09
9.38191e-09
1.04581e-09
8.40181e-10
1.72106e-09
5.07696e-09
9.36631e-10
2.63462e-09
1.61476e-09
2.77974e-09
1.56364e-09
9.56949e-10
5.65859e-10
3.18887e-09
5.11621e-09
3.08439e-09
7.83324e-09
9.48535e-10
6.72147e-10
2.6673e-09
8.23075e-09
2.52467e-09
7.30334e-09
1.42963e-09
1.76749e-09
6.23377e-10
4.87968e-09
4.32143e-09
5.8285e-09
9.23222e-09
1.43997e-09
8.49149e-10
1.87407e-09
7.85018e-09
4.29219e-09
5.20962e-09
2.75057e-09
1.37991e-09
6.92754e-10
3.80279e-09
7.98945e-09
4.9389e-09
9.74112e-09
1.75782e-09
1.08603e-09
1.39323e-09
7.30516e-09
5.13029e-09
2.60995e-09
4.80908e-09
2.02559e-09
1.88795e-09
7.09126e-10
4.49512e-09
6.71009e-09
7.15488e-09
1.15823e-08
1.8273e-09
9.72212e-10
2.10268e-09
9.40875e-09
5.93744e-09
6.46585e-09
3.71099e-09
1.50543e-09
8.84529e-10
4.66827e-09
1.00405e-08
4.41726e-09
1.08452e-08
1.77544e-09
1.66839e-09
1.68343e-09
8.40645e-09
3.3679e-09
1.14766e-09
4.68758e-09
7.50675e-09
6.8153e-09
8.8015e-09
1.0855e-09
7.42516e-10
6.09853e-09
1.96067e-08
4.52559e-09
1.80703e-08
2.79143e-09
2.57777e-09
6.91922e-10
7.04356e-09
1.19919e-08
1.37851e-08
2.1309e-08
3.10518e-09
1.68325e-09
2.15321e-09
9.18016e-09
7.26845e-09
3.23806e-09
5.7328e-09
2.95592e-09
3.46236e-09
8.41478e-10
4.75456e-09
1.05501e-08
1.51709e-08
1.95258e-08
3.53688e-09
1.75661e-09
2.40297e-09
1.00501e-08
8.52556e-09
4.26849e-09
6.23832e-09
2.64651e-09
3.16476e-09
2.2107e-09
7.02366e-09
2.98774e-09
2.54955e-09
3.9647e-09
7.95411e-09
2.63904e-09
3.57263e-09
1.33348e-09
8.3756e-09
6.7672e-09
9.76505e-09
1.56384e-08
2.13035e-09
1.52546e-09
5.603e-09
1.90707e-08
4.7107e-09
1.46189e-08
2.21148e-09
4.48708e-09
2.67188e-09
1.25171e-08
2.8498e-09
3.24439e-09
4.00832e-09
1.18107e-08
1.26211e-09
2.90489e-09
9.2118e-09
2.61097e-08
1.73098e-08
9.54981e-09
3.12482e-09
2.21091e-09
7.52873e-09
1.51582e-08
4.39362e-09
1.24932e-08
2.23523e-09
6.03458e-09
3.47914e-09
1.46651e-08
6.71936e-09
3.54505e-09
6.78825e-09
8.64774e-09
6.47252e-09
5.07266e-09
1.11395e-09
5.21814e-09
2.40077e-08
2.90713e-08
3.56634e-08
8.66855e-09
3.1295e-09
2.32991e-09
1.24322e-08
1.9591e-08
3.61419e-09
1.83945e-08
6.43748e-09
1.01156e-08
8.66082e-09
6.35503e-09
1.09273e-09
4.36906e-09
3.17002e-08
4.06818e-08
4.43049e-08
1.37796e-08
4.38414e-09
1.99013e-09
1.06725e-08
2.57455e-08
1.35489e-08
2.72783e-08
4.10765e-09
3.10869e-09
6.26708e-09
2.34671e-08
7.23729e-09
1.31886e-08
4.12674e-09
7.49869e-09
4.22054e-09
1.36013e-08
2.07044e-09
6.32788e-09
8.77624e-09
6.38096e-07
5.74863e-07
1.54003e-07
9.8682e-08
2.13385e-08
2.26149e-08
2.58475e-08
1.32643e-08
2.20911e-09
5.89189e-09
2.5981e-08
6.6014e-07
2.27066e-07
6.25766e-07
2.59807e-07
1.23855e-07
1.2551e-08
5.00316e-08
4.02318e-08
1.53999e-08
6.91737e-09
1.00525e-08
6.6237e-07
2.28562e-07
7.25575e-08
6.77173e-07
2.83118e-07
1.03604e-07
3.03004e-08
6.36729e-08
4.19216e-08
6.69571e-07
2.19292e-07
5.96595e-08
6.81696e-07
2.83549e-07
1.01786e-07
3.18538e-08
6.46509e-08
6.83556e-07
2.37975e-07
6.20066e-08
6.85235e-07
2.89261e-07
6.27505e-07
5.99182e-07
9.32865e-08
6.07087e-08
1.23829e-08
6.75219e-07
2.44022e-07
8.13939e-08
3.54503e-08
5.92863e-08
3.56905e-08
7.36197e-09
9.26775e-09
1.08898e-08
6.90644e-09
1.30139e-09
1.71823e-09
7.02873e-09
1.32826e-08
5.06006e-09
7.55983e-09
3.68312e-09
2.26831e-09
1.49665e-09
6.28313e-09
9.06115e-09
4.45902e-09
8.28341e-09
3.43424e-09
2.06586e-09
1.01951e-09
7.53556e-09
1.35537e-08
7.78655e-09
1.43582e-08
6.02244e-09
2.93278e-09
4.64859e-10
5.87215e-09
2.98051e-08
2.23474e-08
2.98097e-08
1.23263e-08
7.38554e-09
1.31904e-09
3.53871e-09
1.17489e-08
1.23408e-08
8.78566e-09
5.62424e-09
3.59729e-09
2.01615e-09
4.41678e-09
8.0584e-09
5.33173e-09
4.74075e-09
2.3595e-09
2.5983e-09
5.18646e-09
7.26274e-09
2.59911e-09
3.27465e-09
3.4817e-09
5.84234e-09
2.20081e-09
7.7794e-10
3.69198e-09
2.23823e-08
6.93588e-09
1.30763e-08
6.53392e-09
3.33699e-09
6.06145e-10
5.74427e-09
2.92125e-08
9.12875e-09
1.64059e-08
7.44316e-09
3.77448e-09
9.9843e-10
5.02024e-09
1.70568e-08
8.03226e-09
4.30604e-09
2.76203e-09
2.82449e-09
4.30317e-09
2.59812e-09
1.15616e-09
3.31299e-09
8.37946e-09
1.45859e-08
2.21029e-08
6.21867e-09
3.16462e-09
2.1426e-09
2.96869e-09
9.36733e-09
1.20933e-08
5.59926e-09
1.05023e-08
4.85178e-09
4.68453e-09
1.90908e-09
8.46694e-09
9.7974e-09
1.64799e-08
1.71222e-08
5.75918e-09
4.49087e-09
2.40988e-09
9.64294e-09
1.11912e-08
1.24237e-08
1.39821e-08
5.15161e-09
3.12796e-09
2.58849e-09
1.26057e-08
1.55191e-08
8.03866e-09
1.58719e-08
6.44698e-09
3.94025e-09
1.16687e-09
1.065e-08
2.47145e-08
6.41532e-07
5.71532e-07
1.47127e-07
9.4586e-08
2.0713e-08
2.1515e-08
2.46616e-08
1.17933e-08
2.20093e-09
5.46631e-09
1.47619e-08
6.49393e-07
5.95908e-07
1.54212e-07
9.60522e-08
1.93845e-08
2.32885e-08
2.54765e-08
1.17391e-08
2.27694e-09
5.77387e-09
1.53554e-08
6.69934e-07
2.29358e-07
6.424e-07
2.60718e-07
1.24105e-07
1.26132e-08
5.01456e-08
4.01877e-08
1.38346e-08
6.32049e-09
9.34414e-09
6.74609e-07
2.29922e-07
7.2998e-08
6.9035e-07
2.8642e-07
1.04861e-07
3.06664e-08
6.44349e-08
4.23216e-08
6.81489e-07
6.14725e-07
1.72722e-07
1.10822e-07
2.43908e-08
2.53682e-08
2.93228e-08
6.85466e-07
2.33295e-07
6.7108e-08
6.95787e-07
2.90497e-07
1.05615e-07
3.17288e-08
6.5804e-08
6.97847e-07
2.42543e-07
6.34606e-08
6.99265e-07
2.94859e-07
6.40395e-07
6.11644e-07
9.52537e-08
6.19089e-08
1.2528e-08
6.87363e-07
2.48142e-07
8.09095e-08
3.5154e-08
5.9196e-08
3.58513e-08
7.57324e-09
9.16144e-09
1.03911e-08
5.48838e-09
8.89946e-10
1.9433e-09
1.78637e-09
8.04069e-10
1.43203e-10
5.61182e-10
2.57373e-09
7.9953e-10
1.33488e-09
5.9298e-10
3.13686e-10
3.20086e-10
1.06536e-09
8.90505e-10
5.24207e-10
4.05292e-10
4.478e-10
6.3376e-10
4.63733e-10
1.61508e-10
2.97582e-10
2.34063e-09
9.56625e-10
1.60838e-09
8.13865e-10
4.33573e-10
2.27097e-10
9.45598e-10
1.8836e-09
6.38765e-10
1.06874e-09
5.43607e-10
1.55168e-10
4.89198e-10
3.27551e-09
9.63986e-10
1.94498e-09
8.3016e-10
4.35199e-10
2.95874e-10
1.18001e-09
1.65886e-09
6.6819e-10
9.13441e-10
5.84589e-10
2.63464e-10
5.3135e-10
2.05389e-09
7.03548e-10
1.2508e-09
4.80379e-10
2.263e-10
8.43626e-10
2.82327e-09
8.79432e-10
1.6497e-09
6.80775e-10
2.5163e-10
5.92715e-10
2.83817e-09
9.73642e-10
1.62098e-09
6.65544e-10
3.5727e-10
6.8541e-10
2.03538e-09
7.57387e-10
1.07323e-09
4.90057e-10
3.13231e-10
1.11066e-09
2.40926e-09
8.72262e-10
1.45039e-09
6.92458e-10
1.97893e-10
7.67971e-10
4.83006e-09
1.39155e-09
2.82922e-09
1.22929e-09
6.15505e-10
3.66012e-10
1.58138e-09
2.61029e-09
9.75426e-10
1.45464e-09
8.03451e-10
2.71298e-10
7.67507e-10
4.05289e-09
1.23613e-09
2.42053e-09
1.00201e-09
5.06394e-10
6.12468e-10
2.26696e-09
1.52694e-09
1.18767e-09
7.31128e-10
6.33409e-10
1.20648e-09
1.51579e-09
5.26213e-10
5.192e-10
1.94591e-09
2.08205e-09
1.30548e-09
1.16392e-09
6.68002e-10
6.72657e-10
1.67791e-09
1.61304e-09
7.98999e-10
6.55214e-10
1.2935e-09
1.78303e-09
6.09949e-10
7.03933e-10
1.98653e-09
1.70876e-09
1.16534e-09
6.80372e-10
8.25438e-10
2.00312e-09
1.37721e-09
1.01951e-09
3.2197e-10
1.13694e-09
5.7353e-09
1.50235e-09
3.62205e-09
1.22524e-09
5.63497e-10
9.19528e-10
3.71062e-09
1.60652e-09
2.07013e-09
7.4802e-10
5.73845e-10
2.3286e-09
3.59462e-09
1.67946e-09
2.04517e-09
1.00985e-09
5.10488e-10
1.70561e-09
4.62895e-09
1.35344e-09
2.74461e-09
1.2991e-09
2.93147e-10
9.87275e-10
