
Primal Tolerance: 
116.619
95.0856
62.1356
22.5505
19.7965
5.47394
11.1751
10.5658
5.82695
1.97705
2.45909
2.46312
1.2828
0.306643
0.651289
0.565413
0.218225
0.0833395
0.165466
0.114188
0.0274635
0.0288531
0.0376566
0.0207294
0.00171076
0.00809382
0.00790656
0.00344216
0.000466749
0.00199063
0.00157177
0.00051754
0.000241522
0.000452242
0.000298403
6.54546e-05
7.55655e-05
9.78556e-05
5.42694e-05
4.94016e-06
2.01299e-05
2.04127e-05
9.3667e-06
6.22372e-07
5.02712e-06
4.1712e-06
1.50206e-06
5.24863e-07
1.16045e-06
8.11418e-07
2.10786e-07
1.78741e-07
2.56796e-07
1.52969e-07
3.09741e-08
5.42627e-08
5.87643e-08
3.49441e-08
2.24834e-08
2.47765e-08
2.49864e-08
2.27925e-08
2.22763e-08
2.21462e-08
2.21902e-08
2.202e-08
2.15821e-08
2.1038e-08
2.10531e-08
2.13606e-08
2.14165e-08
2.04189e-08
2.0762e-08
2.03388e-08
2.10182e-08
2.06047e-08
2.05902e-08
2.06771e-08
2.05525e-08
1.58837e-08
1.76378e-08
1.76854e-08
1.92e-08
1.90533e-08
1.85989e-08
1.89204e-08
1.87787e-08
1.85887e-08
1.84584e-08
1.80312e-08
1.7981e-08
1.75404e-08
1.80721e-08
1.71631e-08
1.78224e-08
1.77725e-08
1.78894e-08
1.78053e-08
1.67345e-08
1.68058e-08
1.55975e-08
1.72815e-08
1.68621e-08
1.71078e-08
1.71127e-08
1.68775e-08
1.67503e-08
1.52833e-08
1.6271e-08
1.60234e-08
1.65129e-08
1.64359e-08
1.59483e-08
1.62228e-08
1.5753e-08
1.60618e-08
1.5804e-08
1.59374e-08
1.56919e-08
1.55384e-08
1.49832e-08
1.52991e-08
1.50675e-08
1.54548e-08
1.52029e-08
1.49667e-08
1.5147e-08
1.48866e-08
1.48681e-08
1.45668e-08
1.47098e-08
1.3387e-08
1.44857e-08
1.38827e-08
1.4536e-08
1.44855e-08
1.43754e-08
1.43883e-08
1.39678e-08
1.34349e-08
1.26766e-08
1.38628e-08
1.38231e-08
1.38516e-08
1.38524e-08
1.3668e-08
1.34903e-08
1.20456e-08
1.31403e-08
1.30726e-08
1.3338e-08
1.32972e-08
1.29932e-08
1.30932e-08
1.27063e-08
1.2913e-08
1.25734e-08
1.28499e-08
1.25585e-08
1.26854e-08
1.25738e-08
1.25469e-08
1.20946e-08
1.19145e-08
1.07351e-08
1.22028e-08
1.19467e-08
1.21318e-08
1.21267e-08
1.19612e-08
1.19029e-08
1.12419e-08
1.157e-08
1.13853e-08
1.17289e-08
1.15766e-08
1.13325e-08
1.15007e-08
1.12159e-08
1.13271e-08
1.11327e-08
1.12549e-08
1.08123e-08
1.09949e-08
1.06977e-08
1.10632e-08
1.08135e-08
1.09061e-08
1.09015e-08
1.07813e-08
1.02561e-08
6.98149e-09
1.06879e-08
9.7266e-09
9.46963e-09
9.48005e-09
9.43047e-09
9.37331e-09
9.25366e-09
8.9933e-09
9.11635e-09
9.06821e-09
9.10506e-09
8.82732e-09
8.37667e-09
8.41197e-09
8.80981e-09
8.838e-09
8.69289e-09
8.75957e-09
8.65042e-09
8.5377e-09
8.18776e-09
8.36662e-09
8.36389e-09
8.49452e-09
8.34259e-09
7.6938e-09
8.17817e-09
8.09726e-09
8.27174e-09
8.23069e-09
7.89304e-09
8.06609e-09
7.78248e-09
8.05261e-09
7.93884e-09
7.98235e-09
7.94132e-09
7.73363e-09
7.35474e-09
7.06942e-09
7.66548e-09
7.67799e-09
7.65974e-09
7.66613e-09
7.57855e-09
7.4299e-09
6.43386e-09
7.23352e-09
7.2547e-09
7.34702e-09
7.32983e-09
7.24069e-09
7.22694e-09
7.03308e-09
6.99296e-09
6.89621e-09
7.05848e-09
6.88292e-09
6.87375e-09
6.90532e-09
6.87301e-09
6.1968e-09
6.03229e-09
5.96767e-09
6.63727e-09
6.53764e-09
6.47532e-09
6.54038e-09
6.47722e-09
6.31227e-09
6.18031e-09
6.19717e-09
6.31049e-09
6.2738e-09
5.97434e-09
6.12839e-09
5.93319e-09
6.16979e-09
6.08735e-09
6.09707e-09
6.08869e-09
5.89714e-09
5.07561e-09
4.37633e-09
5.84076e-09
5.6535e-09
5.63396e-09
5.63626e-09
5.60259e-09
5.55371e-09
5.26445e-09
5.35212e-09
5.36881e-09
5.45001e-09
5.32332e-09
4.95489e-09
5.24576e-09
5.22624e-09
5.30215e-09
5.27067e-09
5.03276e-09
5.12855e-09
4.91767e-09
5.14819e-09
5.05926e-09
5.10543e-09
5.0894e-09
4.97458e-09
4.83526e-09
4.28466e-09
4.88732e-09
4.85284e-09
4.89267e-09
4.88567e-09
4.82843e-09
4.79406e-09
4.58242e-09
4.64453e-09
4.62588e-09
4.72065e-09
4.58456e-09
4.0855e-09
4.5424e-09
4.51698e-09
4.57148e-09
4.55978e-09
4.47569e-09
4.46669e-09
4.29974e-09
4.38843e-09
4.29584e-09
4.40273e-09
4.32088e-09
4.30659e-09
4.30883e-09
4.2426e-09
3.91651e-09
3.67185e-09
4.10119e-09
4.15229e-09
4.14065e-09
4.13939e-09
4.11186e-09
4.05985e-09
3.79246e-09
3.88056e-09
3.93933e-09
4.00207e-09
3.94228e-09
3.88588e-09
3.908e-09
3.83984e-09
3.8224e-09
3.71179e-09
3.78573e-09
3.64668e-09
3.77901e-09
3.71756e-09
3.76e-09
3.74245e-09
3.65874e-09
3.58644e-09
3.3242e-09
3.61859e-09
3.59299e-09
3.63052e-09
3.62178e-09
3.56414e-09
3.54058e-09
3.35751e-09
3.47736e-09
3.43672e-09
3.51012e-09
3.47169e-09
3.35464e-09
3.41951e-09
3.32978e-09
3.41448e-09
3.36387e-09
3.37298e-09
3.34974e-09
3.26212e-09
2.85456e-09
3.10504e-09
3.22769e-09
3.23884e-09
3.22913e-09
3.2167e-09
3.20032e-09
3.13326e-09
2.94741e-09
3.05834e-09
3.10102e-09
3.12275e-09
3.09516e-09
3.0651e-09
3.05038e-09
2.96592e-09
2.9651e-09
2.94511e-09
3.00263e-09
2.9144e-09
2.84556e-09
2.92365e-09
2.93218e-09
2.92722e-09
2.90615e-09
2.81595e-09
2.72885e-09
2.71473e-09
2.84705e-09
2.83393e-09
2.79681e-09
2.81973e-09
2.78192e-09
2.73079e-09
2.65789e-09
2.71107e-09
2.72125e-09
2.72659e-09
2.67394e-09
2.58662e-09
2.55509e-09
2.62328e-09
2.64753e-09
2.61723e-09
2.60318e-09
2.57122e-09
2.51137e-09
2.384e-09
2.49646e-09
2.52141e-09
2.53881e-09
2.52188e-09
2.48388e-09
2.45954e-09
2.34811e-09
2.42016e-09
2.40357e-09
2.44707e-09
2.40962e-09
2.28045e-09
2.36498e-09
2.32545e-09
2.38416e-09
2.35975e-09
2.30231e-09
2.32213e-09
2.24826e-09
2.29636e-09
2.22203e-09
2.284e-09
2.24684e-09
2.2639e-09
2.24487e-09
2.19457e-09
2.09134e-09
2.08865e-09
2.17516e-09
2.18899e-09
2.14916e-09
2.16393e-09
2.13799e-09
2.10649e-09
1.9976e-09
2.05604e-09
2.06553e-09
2.09898e-09
2.06572e-09
1.98959e-09
2.03349e-09
2.00083e-09
2.03895e-09
2.00694e-09
1.97476e-09
1.97303e-09
1.94583e-09
1.94376e-09
1.85903e-09
1.89448e-09
1.73061e-09
1.91381e-09
1.86143e-09
1.90349e-09
1.89947e-09
1.86771e-09
1.85434e-09
1.7373e-09
1.81106e-09
1.7848e-09
1.83462e-09
1.81322e-09
1.75311e-09
1.7879e-09
1.73659e-09
1.77751e-09
1.74849e-09
1.7564e-09
1.73429e-09
1.69379e-09
1.52965e-09
1.65299e-09
1.67892e-09
1.6994e-09
1.69131e-09
1.67176e-09
1.66341e-09
1.60765e-09
1.59964e-09
1.58914e-09
1.62789e-09
1.58339e-09
1.5285e-09
1.58032e-09
1.57542e-09
1.58368e-09
1.56439e-09
1.44423e-09
1.46124e-09
1.47385e-09
1.53366e-09
1.50255e-09
1.41333e-09
1.4933e-09
1.4669e-09
1.49039e-09
1.48118e-09
1.43349e-09
1.4264e-09
1.34547e-09
1.43402e-09
1.39711e-09
1.43055e-09
1.42433e-09
1.39825e-09
1.39227e-09
1.31101e-09
1.36154e-09
1.32684e-09
1.37665e-09
1.35954e-09
1.34305e-09
1.34991e-09
1.30717e-09
1.286e-09
1.22749e-09
1.30983e-09
1.29124e-09
1.30544e-09
1.30226e-09
1.2694e-09
1.24736e-09
1.11207e-09
1.25264e-09
1.23351e-09
1.25293e-09
1.24933e-09
1.22828e-09
1.22254e-09
1.16866e-09
1.19172e-09
1.17297e-09
1.20304e-09
1.17264e-09
1.15184e-09
1.16888e-09
1.16069e-09
1.15085e-09
1.12137e-09
1.04777e-09
1.06239e-09
1.11649e-09
1.12464e-09
1.10451e-09
1.11193e-09
1.10051e-09
1.07685e-09
1.01331e-09
1.04295e-09
1.06333e-09
1.07461e-09
1.0569e-09
1.0473e-09
1.04274e-09
1.02207e-09
1.00091e-09
9.88649e-10
1.01187e-09
1.00837e-09
9.91931e-10
9.88957e-10
9.44331e-10
9.59161e-10
9.08947e-10
9.74849e-10
9.4564e-10
9.65582e-10
9.64464e-10
9.48157e-10
9.32315e-10
8.29772e-10
9.1308e-10
9.09206e-10
9.27413e-10
9.22708e-10
9.03785e-10
9.05869e-10
8.74904e-10
8.85242e-10
8.60784e-10
8.84825e-10
8.49129e-10
8.6774e-10
8.62357e-10
8.67211e-10
8.44655e-10
7.63461e-10
7.52139e-10
8.28153e-10
8.3291e-10
8.25061e-10
8.27032e-10
8.20183e-10
7.98419e-10
6.87418e-10
7.67733e-10
7.8288e-10
7.89527e-10
7.86328e-10
7.79014e-10
7.74775e-10
7.51582e-10
7.28685e-10
7.34367e-10
7.52276e-10
7.4836e-10
7.13985e-10
7.30364e-10
7.08917e-10
7.33148e-10
7.18585e-10
7.19927e-10
7.16501e-10
6.87808e-10
5.27328e-10
6.28055e-10
6.85325e-10
6.64034e-10
6.63785e-10
6.61574e-10
6.56684e-10
6.43802e-10
5.86496e-10
6.25687e-10
6.26651e-10
6.35426e-10
6.29642e-10
6.13841e-10
6.15886e-10
5.91526e-10
6.07779e-10
5.88664e-10
6.06195e-10
5.9418e-10
5.951e-10
5.91244e-10
5.72637e-10
4.62384e-10
5.35747e-10
5.6576e-10
5.62139e-10
5.61132e-10
5.587e-10
5.5507e-10
5.42212e-10
4.9473e-10
5.25137e-10
5.31176e-10
5.37521e-10
5.32309e-10
5.23132e-10
5.22167e-10
5.01881e-10
5.07891e-10
4.95686e-10
5.11868e-10
4.90179e-10
4.96729e-10
4.98168e-10
4.99316e-10
4.74329e-10
3.92945e-10
3.83728e-10
4.89619e-10
4.6475e-10
4.62391e-10
4.62944e-10
4.59373e-10
4.50876e-10
3.93155e-10
4.34977e-10
4.35498e-10
4.41836e-10
4.39325e-10
4.32029e-10
4.319e-10
4.17573e-10
4.1684e-10
4.07812e-10
4.20325e-10
4.04159e-10
4.08612e-10
4.08431e-10
4.09241e-10
3.74096e-10
4.95225e-10
3.53462e-10
4.13154e-10
2.74897e-10
2.66558e-10
2.65545e-10
2.55402e-10
2.46426e-10
2.32762e-10
2.4251e-10
2.40362e-10
2.40258e-10
2.36301e-10
2.30499e-10
2.27806e-10
2.28152e-10
2.31645e-10
2.29039e-10
2.15915e-10
2.2159e-10
2.16481e-10
2.26365e-10
2.22391e-10
2.18568e-10
2.21948e-10
2.16553e-10
2.15455e-10
2.11816e-10
2.15612e-10
2.0951e-10
2.11482e-10
2.07006e-10
2.11066e-10
1.99827e-10
2.06988e-10
2.02134e-10
2.08269e-10
2.06077e-10
2.0252e-10
2.04441e-10
1.97859e-10
2.00739e-10
1.94521e-10
2.0128e-10
1.95068e-10
1.98442e-10
1.97718e-10
1.97252e-10
1.95872e-10
1.9449e-10
1.94063e-10
1.90677e-10
1.91121e-10
1.89616e-10
1.89182e-10
1.88977e-10
1.88691e-10
1.97182e-10
1.94617e-10
1.90461e-10
1.89535e-10
1.91286e-10
1.92524e-10
1.951e-10
1.98612e-10
1.97574e-10
1.97698e-10
1.96623e-10
1.97264e-10
1.97765e-10
1.98502e-10
1.99746e-10
2.05717e-10
1.96125e-10
1.98997e-10
1.98396e-10
1.98411e-10
1.98491e-10
1.98804e-10
2.07928e-10
2.08828e-10
1.94863e-10
1.96229e-10
2.05757e-10
1.97152e-10
2.08899e-10
2.06333e-10
2.06428e-10
2.06925e-10
2.09281e-10
2.16506e-10
2.22883e-10
2.16393e-10
2.12343e-10
2.11453e-10
2.1192e-10
2.12487e-10
2.14354e-10
2.18441e-10
2.18003e-10
2.16457e-10
2.15747e-10
2.1762e-10
2.18629e-10
2.18904e-10
2.2035e-10
2.21639e-10
2.23189e-10
2.22745e-10
2.23782e-10
2.24772e-10
2.29683e-10
2.31549e-10
2.38886e-10
2.2985e-10
2.28836e-10
2.27128e-10
2.27729e-10
2.29278e-10
2.32381e-10
2.38914e-10
2.3468e-10
2.33079e-10
2.32113e-10
2.3411e-10
2.36013e-10
2.36756e-10
2.39443e-10
2.38938e-10
2.40408e-10
2.41389e-10
2.49778e-10
2.52072e-10
2.68161e-10
2.48355e-10
2.48168e-10
2.45934e-10
2.4652e-10
2.4913e-10
2.54189e-10
2.68336e-10
2.57164e-10
2.54607e-10
2.53134e-10
2.54891e-10
2.58451e-10
2.61216e-10
2.68783e-10
2.63742e-10
2.63939e-10
2.62705e-10
2.69734e-10
2.87953e-10
2.8031e-10
2.72043e-10
2.70248e-10
2.73414e-10
2.74462e-10
2.80156e-10
2.88631e-10
3.03284e-10
2.85633e-10
2.84186e-10
2.83474e-10
2.85258e-10
2.98345e-10
3.10556e-10
3.19429e-10
2.96951e-10
2.98353e-10
3.01318e-10
3.00386e-10
3.20079e-10
3.30381e-10
3.46739e-10
3.15488e-10
3.18992e-10
3.17705e-10
3.17664e-10
3.35975e-10
3.59544e-10
3.76681e-10
3.44468e-10
3.42028e-10
3.42595e-10
3.42127e-10
3.46679e-10
3.66035e-10
4.24198e-10
3.71852e-10
3.62074e-10
3.60043e-10
3.60701e-10
3.63193e-10
3.67469e-10
3.79975e-10
3.78864e-10
3.74472e-10
3.74082e-10
3.84992e-10
3.87136e-10
3.93969e-10
3.85007e-10
3.92125e-10
3.89162e-10
3.90168e-10
3.96351e-10
4.21018e-10
4.57352e-10
4.14132e-10
4.05762e-10
4.04901e-10
4.05477e-10
4.09043e-10
4.17987e-10
4.41356e-10
4.27023e-10
4.20648e-10
4.18709e-10
4.22229e-10
4.27429e-10
4.34022e-10
4.43378e-10
4.38209e-10
4.36268e-10
4.37847e-10
4.49987e-10
4.66211e-10
4.73103e-10
4.51434e-10
4.50637e-10
4.54203e-10
4.52633e-10
4.62942e-10
4.83295e-10
5.175e-10
4.75516e-10
4.70653e-10
4.69617e-10
4.70578e-10
4.76664e-10
4.9149e-10
5.28147e-10
4.95973e-10
4.89093e-10
4.87015e-10
4.89046e-10
4.95649e-10
5.05768e-10
5.27253e-10
5.10525e-10
5.06304e-10
5.04594e-10
5.09198e-10
5.20211e-10
5.28205e-10
5.32748e-10
5.22832e-10
5.26948e-10
5.34585e-10
5.34745e-10
5.47808e-10
5.50375e-10
5.74031e-10
5.49578e-10
5.58211e-10
5.47415e-10
5.50108e-10
5.59108e-10
5.64995e-10
5.90115e-10
5.72046e-10
5.72666e-10
5.66497e-10
5.75932e-10
6.00282e-10
5.88631e-10
5.86812e-10
5.82184e-10
6.00341e-10
6.42232e-10
6.14584e-10
6.01445e-10
5.98654e-10
6.02103e-10
6.08606e-10
6.21417e-10
6.40812e-10
6.29583e-10
6.22155e-10
6.22691e-10
6.31587e-10
6.41599e-10
6.57593e-10
6.47562e-10
6.44881e-10
6.44785e-10
6.59913e-10
6.92018e-10
7.04716e-10
6.68517e-10
6.64832e-10
6.69541e-10
6.68058e-10
6.81901e-10
7.21921e-10
8.0655e-10
7.12029e-10
7.01295e-10
6.99416e-10
7.00692e-10
7.07735e-10
7.24894e-10
7.65926e-10
7.36291e-10
7.26457e-10
7.23899e-10
7.28937e-10
7.40389e-10
7.54947e-10
7.71358e-10
7.54344e-10
7.52379e-10
7.54629e-10
7.64604e-10
7.9884e-10
8.15934e-10
7.86545e-10
7.76214e-10
7.81066e-10
7.81869e-10
7.95002e-10
8.54967e-10
9.91662e-10
8.4558e-10
8.27429e-10
8.25065e-10
8.26312e-10
8.32806e-10
8.48882e-10
8.87926e-10
8.6709e-10
8.55746e-10
8.53664e-10
8.63391e-10
8.76325e-10
8.92618e-10
8.92912e-10
8.87042e-10
8.96035e-10
9.37527e-10
9.40551e-10
9.23971e-10
9.11309e-10
9.32245e-10
9.27837e-10
9.32916e-10
9.45727e-10
1.00344e-09
9.92791e-10
9.62847e-10
9.5566e-10
9.72033e-10
9.66489e-10
9.81927e-10
9.95486e-10
1.0321e-09
1.00059e-09
1.00025e-09
9.93856e-10
1.0084e-09
1.04953e-09
1.04344e-09
1.03062e-09
1.02604e-09
1.05269e-09
1.06153e-09
1.08301e-09
1.05719e-09
1.07268e-09
1.06499e-09
1.06944e-09
1.09137e-09
1.1344e-09
1.16381e-09
1.10521e-09
1.09963e-09
1.10405e-09
1.1051e-09
1.1326e-09
1.20366e-09
1.32019e-09
1.17013e-09
1.15769e-09
1.15607e-09
1.15824e-09
1.17179e-09
1.21345e-09
1.30152e-09
1.21944e-09
1.20269e-09
1.19965e-09
1.20467e-09
1.22282e-09
1.25469e-09
1.3023e-09
1.25326e-09
1.24436e-09
1.24358e-09
1.25231e-09
1.28503e-09
1.31612e-09
1.31963e-09
1.28528e-09
1.29991e-09
1.33538e-09
1.30892e-09
1.32672e-09
1.31671e-09
1.32981e-09
1.35507e-09
1.38729e-09
1.37491e-09
1.35842e-09
1.36715e-09
1.39934e-09
1.40416e-09
1.42784e-09
1.40539e-09
1.43765e-09
1.42165e-09
1.42834e-09
1.43122e-09
1.47933e-09
1.57733e-09
1.615e-09
1.48662e-09
1.4821e-09
1.49048e-09
1.48627e-09
1.51277e-09
1.58327e-09
1.68763e-09
1.5591e-09
1.54431e-09
1.5429e-09
1.54789e-09
1.57328e-09
1.6267e-09
1.70687e-09
1.61401e-09
1.60121e-09
1.59983e-09
1.60754e-09
1.64165e-09
1.68773e-09
1.72672e-09
1.66076e-09
1.65884e-09
1.66468e-09
1.67344e-09
1.73359e-09
1.78311e-09
1.77114e-09
1.71537e-09
1.73379e-09
1.76964e-09
1.74358e-09
1.77078e-09
1.76778e-09
1.78439e-09
1.84007e-09
1.97744e-09
1.86047e-09
1.82153e-09
1.81538e-09
1.82206e-09
1.84453e-09
1.89994e-09
1.97282e-09
1.90019e-09
1.88039e-09
1.88098e-09
1.89251e-09
1.93466e-09
1.98932e-09
2.00208e-09
1.94537e-09
1.95728e-09
1.99285e-09
1.97847e-09
2.02509e-09
2.01938e-09
2.06051e-09
2.04289e-09
2.11128e-09
2.0671e-09
2.10235e-09
2.06196e-09
2.08097e-09
2.09459e-09
2.10823e-09
2.16536e-09
2.2019e-09
2.18279e-09
2.14523e-09
2.17468e-09
2.20966e-09
2.19088e-09
2.20913e-09
2.22579e-09
2.27556e-09
2.29338e-09
2.29075e-09
2.26909e-09
2.40468e-09
2.61066e-09
2.39415e-09
2.33676e-09
2.33441e-09
2.33998e-09
2.36585e-09
2.44806e-09
2.56736e-09
2.44978e-09
2.41872e-09
2.41786e-09
2.43011e-09
2.47496e-09
2.54671e-09
2.59216e-09
2.50769e-09
2.50465e-09
2.51945e-09
2.53581e-09
2.62655e-09
2.66153e-09
2.63586e-09
2.58743e-09
2.62742e-09
2.65642e-09
2.63894e-09
2.66641e-09
2.71747e-09
2.76742e-09
2.73076e-09
2.71106e-09
2.72863e-09
2.77044e-09
2.83225e-09
2.85309e-09
2.79868e-09
2.81e-09
2.85738e-09
2.86736e-09
2.95534e-09
2.90321e-09
2.94118e-09
2.89084e-09
2.92626e-09
2.95096e-09
2.9521e-09
2.9964e-09
3.10122e-09
3.2151e-09
3.04674e-09
3.02276e-09
3.02493e-09
3.03737e-09
3.11164e-09
3.21747e-09
3.25713e-09
3.12962e-09
3.13859e-09
3.16825e-09
3.16809e-09
3.25567e-09
3.32878e-09
3.41708e-09
3.25638e-09
3.26336e-09
3.26512e-09
3.28353e-09
3.40955e-09
3.51826e-09
3.45014e-09
3.36249e-09
3.37788e-09
3.39878e-09
3.42426e-09
3.53152e-09
3.58819e-09
3.53e-09
3.48643e-09
3.51938e-09
3.54135e-09
3.57998e-09
3.64812e-09
3.69566e-09
3.6408e-09
3.6325e-09
3.66651e-09
3.74527e-09
3.89381e-09
3.78474e-09
3.72754e-09
3.72233e-09
3.74755e-09
3.81863e-09
3.93173e-09
3.9246e-09
3.84193e-09
3.89183e-09
3.99908e-09
3.91313e-09
3.9374e-09
3.9213e-09
3.99395e-09
4.18358e-09
4.22559e-09
4.04735e-09
4.04804e-09
4.09239e-09
4.09015e-09
4.19412e-09
4.26584e-09
4.36491e-09
4.19641e-09
4.21195e-09
4.21176e-09
4.24753e-09
4.456e-09
4.59195e-09
4.40113e-09
4.3349e-09
4.34874e-09
4.36081e-09
4.44086e-09
4.64492e-09
4.77757e-09
4.51867e-09
4.49913e-09
4.51228e-09
4.53177e-09
4.65249e-09
4.78113e-09
4.7839e-09
4.64764e-09
4.73102e-09
4.84944e-09
4.72257e-09
4.74964e-09
4.74832e-09
4.8296e-09
5.98297e-09
7.20562e-09
5.37109e-09
5.27318e-09
5.27338e-09
5.2788e-09
5.30978e-09
5.51197e-09
5.74688e-09
5.48608e-09
5.4369e-09
5.44273e-09
5.47861e-09
5.6096e-09
5.73326e-09
5.69462e-09
5.60249e-09
5.67297e-09
5.75874e-09
5.7157e-09
5.75088e-09
5.80799e-09
5.94044e-09
5.97223e-09
5.89104e-09
5.9391e-09
6.0603e-09
5.99646e-09
6.02245e-09
6.02003e-09
6.19425e-09
6.54253e-09
6.59248e-09
6.19641e-09
6.2148e-09
6.24716e-09
6.29239e-09
6.49618e-09
6.52634e-09
6.42012e-09
6.46698e-09
6.57971e-09
6.51658e-09
6.55554e-09
6.56473e-09
6.68728e-09
6.88877e-09
7.01384e-09
6.6992e-09
6.70471e-09
6.71729e-09
6.80093e-09
7.11825e-09
7.20575e-09
6.92085e-09
6.8964e-09
6.96453e-09
6.96977e-09
7.15051e-09
7.29222e-09
7.51885e-09
7.15845e-09
7.17279e-09
7.1599e-09
7.22389e-09
7.51217e-09
7.66256e-09
7.46325e-09
7.36774e-09
7.41177e-09
7.43598e-09
7.56845e-09
7.85324e-09
8.03403e-09
7.66433e-09
7.64031e-09
7.66727e-09
7.71116e-09
7.972e-09
8.14891e-09
8.05516e-09
7.87955e-09
7.94901e-09
8.02055e-09
8.02398e-09
8.18111e-09
8.40825e-09
8.67282e-09
8.24259e-09
8.2253e-09
8.22555e-09
8.29422e-09
8.62301e-09
8.82593e-09
8.58998e-09
8.46462e-09
8.50492e-09
8.53546e-09
8.69031e-09
9.03595e-09
9.1851e-09
8.79396e-09
8.781e-09
8.83533e-09
8.88277e-09
9.173e-09
9.27118e-09
9.23812e-09
9.07528e-09
9.33753e-09
9.58043e-09
9.26476e-09
9.24602e-09
9.26379e-09
9.45581e-09
1.01257e-08
1.02516e-08
9.62234e-09
9.61163e-09
9.69383e-09
9.68438e-09
9.91129e-09
1.02917e-08
1.07665e-08
1.00279e-08
9.99777e-09
9.99414e-09
1.00621e-08
1.03602e-08
1.05915e-08
1.04855e-08
1.02945e-08
1.03903e-08
1.05089e-08
1.05035e-08
1.06551e-08
1.09837e-08
1.14953e-08
1.08348e-08
1.07574e-08
1.07432e-08
1.08187e-08
1.11379e-08
1.14064e-08
1.12679e-08
1.10652e-08
1.11458e-08
1.12511e-08
1.13093e-08
1.15332e-08
1.16146e-08
1.16979e-08
1.15667e-08
1.1826e-08
1.19085e-08
1.17933e-08
1.1829e-08
1.2094e-08
1.22901e-08
1.26055e-08
1.20977e-08
1.21365e-08
1.21021e-08
1.22675e-08
1.28626e-08
1.29855e-08
1.25223e-08
1.24961e-08
1.26372e-08
1.27021e-08
1.30903e-08
1.30137e-08
1.31168e-08
1.29895e-08
1.33591e-08
1.33793e-08
1.32935e-08
1.35566e-08
1.43658e-08
1.38266e-08
1.35414e-08
1.34825e-08
1.35478e-08
1.37655e-08
1.42148e-08
1.43295e-08
1.39501e-08
1.39984e-08
1.4182e-08
1.42653e-08
1.47044e-08
1.44993e-08
1.46084e-08
1.44056e-08
1.46647e-08
1.48569e-08
1.4704e-08
1.4736e-08
1.48836e-08
1.55701e-08
1.64264e-08
1.53657e-08
1.5145e-08
1.51407e-08
1.52069e-08
1.55525e-08
1.61077e-08
1.61773e-08
1.56475e-08
1.58257e-08
1.61238e-08
1.58681e-08
1.60536e-08
1.60239e-08
1.61411e-08
1.7019e-08
1.81731e-08
1.69022e-08
1.65427e-08
1.65369e-08
1.65882e-08
1.68708e-08
1.75761e-08
1.79374e-08
1.71675e-08
1.71187e-08
1.71851e-08
1.7352e-08
1.79935e-08
1.81629e-08
1.77971e-08
1.76984e-08
1.79052e-08
1.80139e-08
1.83806e-08
1.83713e-08
1.85395e-08
1.87653e-08
1.44865e-08
2.44949e-08
1.94618e-08
1.87862e-08
1.88229e-08
1.8675e-08
1.85971e-08
1.86674e-08
1.86844e-08
1.87372e-08
1.93838e-08
1.50365e-08
7.69968e-09
2.7694e-08
1.98877e-08
2.0112e-08
1.99728e-08
1.94306e-08
1.92304e-08
1.93489e-08
1.92235e-08
1.92753e-08
1.45983e-08
7.62661e-09
9.63438e-09
2.63633e-08
2.00567e-08
2.09709e-08
2.04915e-08
1.96861e-08
1.94343e-08
1.31733e-08
7.44893e-09
9.74534e-09
2.62256e-08
2.00072e-08
2.10427e-08
2.05507e-08
1.97072e-08
1.36607e-08
7.85686e-09
1.03737e-08
2.65846e-08
2.01128e-08
2.22566e-08
2.23148e-08
1.95788e-08
1.94639e-08
1.95019e-08
1.55265e-08
7.71083e-09
9.93434e-09
8.69166e-09
7.04548e-09
6.58413e-09
6.66633e-09
6.60527e-09
6.51574e-09
6.5335e-09
6.53986e-09
6.54465e-09
6.68501e-09
6.93263e-09
6.84409e-09
6.70205e-09
6.70474e-09
6.75203e-09
6.76691e-09
6.87471e-09
7.02484e-09
7.06388e-09
6.90383e-09
6.91567e-09
6.95612e-09
6.96499e-09
7.09697e-09
7.32947e-09
7.4098e-09
7.13695e-09
7.12111e-09
7.14e-09
7.14447e-09
7.23592e-09
7.80953e-09
8.07398e-09
7.52098e-09
7.42398e-09
7.4235e-09
7.43266e-09
7.46931e-09
7.66959e-09
7.84579e-09
7.6699e-09
7.60086e-09
7.61362e-09
7.65546e-09
7.72691e-09
7.85867e-09
7.91665e-09
7.82224e-09
7.81559e-09
7.86711e-09
7.96322e-09
8.07738e-09
8.05285e-09
7.99289e-09
8.06437e-09
8.17182e-09
8.17469e-09
8.16657e-09
8.23794e-09
8.66484e-09
8.63883e-09
8.38885e-09
8.3461e-09
8.37031e-09
8.38053e-09
8.4697e-09
9.01576e-09
8.93982e-09
8.63465e-09
8.61455e-09
8.62576e-09
8.6435e-09
8.71803e-09
9.02467e-09
8.87471e-09
8.79668e-09
8.79973e-09
8.85689e-09
8.93136e-09
8.95964e-09
8.93987e-09
9.00228e-09
9.16818e-09
9.38891e-09
8.98767e-09
8.9839e-09
8.9812e-09
9.02189e-09
9.06466e-09
9.22186e-09
9.39795e-09
9.29646e-09
9.13276e-09
9.15664e-09
9.24154e-09
9.2264e-09
9.35937e-09
9.51661e-09
9.74985e-09
9.44779e-09
9.43203e-09
9.40757e-09
9.45523e-09
9.60761e-09
9.76768e-09
9.91899e-09
9.67672e-09
9.6733e-09
9.67879e-09
9.7294e-09
9.93337e-09
1.01541e-08
1.0194e-08
9.93229e-09
9.94817e-09
1.0011e-08
9.99945e-09
1.01662e-08
1.05861e-08
1.018e-08
1.56674e-08
1.10156e-08
1.05544e-08
1.05891e-08
1.04285e-08
1.03104e-08
1.0322e-08
1.03315e-08
1.03463e-08
1.05674e-08
1.01768e-08
1.61861e-08
1.12501e-08
1.08157e-08
1.08397e-08
1.06651e-08
1.05488e-08
1.05671e-08
1.0569e-08
1.05875e-08
1.08167e-08
1.04071e-08
3.12363e-09
1.91355e-08
1.16239e-08
1.18608e-08
1.17116e-08
1.11312e-08
1.08296e-08
1.08844e-08
1.08192e-08
1.08189e-08
1.0381e-08
3.14763e-09
5.59819e-09
1.78581e-08
1.1638e-08
1.26025e-08
1.21095e-08
1.12311e-08
1.09124e-08
9.15312e-09
1.69681e-08
1.18524e-08
1.12154e-08
1.12914e-08
1.11072e-08
1.09304e-08
9.83408e-09
3.14347e-09
5.95097e-09
1.7976e-08
1.16554e-08
1.26867e-08
1.21993e-08
1.12722e-08
9.63834e-09
3.60952e-09
6.48944e-09
1.81399e-08
1.16895e-08
1.69947e-08
1.40096e-08
1.11022e-08
1.09782e-08
1.10117e-08
1.12714e-08
3.38445e-09
6.00949e-09
4.60192e-09
2.29046e-09
1.11339e-09
1.37356e-09
1.20099e-09
7.1812e-10
5.77071e-10
6.3522e-10
5.93777e-10
5.55356e-10
5.55654e-10
5.56119e-10
5.57043e-10
5.93765e-10
5.93887e-10
5.72051e-10
5.71572e-10
5.73124e-10
5.78014e-10
5.93466e-10
6.04051e-10
5.95753e-10
5.90371e-10
5.97884e-10
6.07828e-10
6.12885e-10
6.11846e-10
6.16259e-10
6.52763e-10
6.61754e-10
6.3608e-10
6.28042e-10
6.29229e-10
6.32787e-10
6.45929e-10
6.72272e-10
6.65197e-10
6.48528e-10
6.54894e-10
6.57662e-10
6.63909e-10
7.13246e-10
7.12997e-10
6.82472e-10
6.79332e-10
6.80436e-10
6.84685e-10
7.00882e-10
7.22546e-10
7.13741e-10
7.00215e-10
7.08386e-10
7.12947e-10
7.1936e-10
7.48894e-10
7.52252e-10
7.32847e-10
7.35077e-10
7.37809e-10
7.49635e-10
7.903e-10
7.82508e-10
7.57355e-10
7.60844e-10
7.62904e-10
7.70753e-10
8.11272e-10
8.13753e-10
7.88941e-10
7.88096e-10
7.90683e-10
8.00388e-10
8.28436e-10
8.30445e-10
8.13972e-10
8.1888e-10
8.24322e-10
8.39455e-10
8.7243e-10
8.61954e-10
8.40847e-10
8.4811e-10
8.51453e-10
8.60947e-10
9.2973e-10
9.24027e-10
8.82601e-10
8.79386e-10
8.80625e-10
8.85466e-10
9.05663e-10
9.38477e-10
9.2697e-10
9.06564e-10
9.15782e-10
9.20346e-10
9.29422e-10
9.85369e-10
9.85164e-10
9.50118e-10
9.49123e-10
9.51084e-10
9.59248e-10
9.88953e-10
1.00318e-09
9.85843e-10
9.789e-10
9.87917e-10
1.00471e-09
1.0225e-09
1.01859e-09
1.01119e-09
1.03931e-09
1.06638e-09
1.04747e-09
1.03245e-09
1.04062e-09
1.0504e-09
1.0712e-09
1.08887e-09
1.07787e-09
1.07038e-09
1.08956e-09
1.11306e-09
1.1084e-09
1.09818e-09
1.12641e-09
1.14781e-09
1.13089e-09
1.12316e-09
1.13539e-09
1.16257e-09
1.17696e-09
1.16121e-09
1.16025e-09
1.17802e-09
1.26274e-09
1.25476e-09
1.20038e-09
1.20404e-09
1.20514e-09
1.21805e-09
1.27016e-09
1.28156e-09
1.25014e-09
1.24886e-09
1.25625e-09
1.28992e-09
1.33824e-09
1.3144e-09
1.28533e-09
1.29659e-09
1.30478e-09
1.32754e-09
1.39155e-09
1.37861e-09
1.33875e-09
1.35407e-09
1.35796e-09
1.37035e-09
