
Primal Tolerance: 
116.619
95.0856
62.1356
22.5505
19.7965
12.7489
18.068
27.5649
34.2029
37.2966
37.0224
30.2978
19.1919
6.51501
5.0687
13.1766
17.0647
16.7625
13.1672
7.65991
1.71104
3.3843
6.7811
8.14081
7.60003
5.64791
2.95783
0.21375
2.02554
3.41268
3.84034
3.4144
2.39059
1.09306
0.163365
1.13507
1.68461
1.78656
1.51073
0.987813
0.371671
0.196021
0.61152
0.822186
0.826716
0.665226
0.403262
0.413472
0.957186
1.20429
1.3968
1.47776
1.43027
1.26763
1.0117
0.689676
0.340312
0.0105085
0.326197
0.589843
0.781735
0.892319
0.919252
0.867423
0.748278
0.58133
0.377266
0.1573
0.0581722
0.251023
0.407312
0.516835
0.57409
0.578585
0.534169
0.448375
0.310636
0.174569
0.039841
0.0916066
0.200575
0.283591
0.335938
0.355928
0.344684
0.306055
0.247235
0.175302
0.0912024
0.00714515
0.0732323
0.140002
0.189932
0.219906
0.228993
0.218051
0.189293
0.143878
0.0905319
0.0363373
0.0163348
0.0620338
0.0986187
0.123662
0.136281
0.136543
0.125662
0.10659
0.222106
0.151001
0.119008
0.0661191
0.0185376
0.0376094
0.0759961
0.105067
0.123072
0.129476
0.124484
0.109087
0.0835474
0.0518049
0.0211473
0.00907356
0.0340064
0.0541987
0.0679533
0.0748802
0.0750511
0.0692215
0.0592745
0.166554
0.112958
0.0955083
0.0593591
0.024042
0.0134995
0.0407379
0.0631891
0.0788357
0.0868155
0.0868877
0.0794642
0.0653901
0.152258
0.0889757
0.107219
0.097725
0.087489
0.07519
0.0601866
0.0410286
0.0192477
0.00413351
0.0231161
0.0399866
0.0525702
0.0597713
0.0613375
0.0574667
0.0484855
0.0316447
0.0151172
0.00474099
0.0119367
0.021256
0.0281194
0.0320557
0.0330291
0.0313537
0.0278608
0.0279384
0.0220978
0.0145002
0.00783674
0.00246364
0.0100496
0.0171907
0.0228356
0.0261805
0.0270392
0.0254119
0.0212283
0.0130033
0.00370885
0.0046843
0.00789237
0.0102737
0.0118973
0.0125493
0.0122351
0.0113762
0.0121336
0.0169259
0.013527
0.0121383
0.00833285
0.00345689
0.00181235
0.00632412
0.01064
0.0138957
0.0158105
0.0162419
0.0151248
0.0122535
0.00864781
0.00277207
0.00683067
0.00774623
0.00764104
0.007476
0.00728088
0.00735867
0.00972048
0.0122518
0.0234141
0.0189732
0.0153906
0.00892736
0.00276593
0.00354797
0.00869058
0.0130644
0.016165
0.0177029
0.0175922
0.0157719
0.0118586
0.0353233
0.0224607
0.026166
0.0226367
0.0187693
0.0167682
0.0137181
0.00870171
0.00367149
0.00235731
0.00738469
0.0119575
0.0154873
0.0174941
0.0178468
0.0164985
0.0132327
0.0114659
0.0050091
0.00935989
0.00989508
0.00957871
0.00922521
0.00884235
0.00891925
0.0113421
0.0108413
0.0198049
0.0152902
0.0124279
0.00771517
0.00215433
0.00374116
0.00863218
0.0127839
0.0156294
0.016976
0.0167395
0.014843
0.0108218
0.0158809
0.0101976
0.0135767
0.0127517
0.0115349
0.0106943
0.0105165
0.00963046
0.00802965
0.00848897
0.00608293
0.00373418
0.00293162
0.00271907
0.00612778
0.00856483
0.0108856
0.012162
0.0122605
0.0111626
0.00852083
0.0324372
0.0206485
0.0235042
0.0196105
0.0153758
0.0141366
0.0101818
0.00553064
0.00102889
0.00436129
0.00882396
0.0125933
0.0151392
0.0162462
0.015824
0.0137726
0.00949053
0.0072591
0.0051806
0.00803386
0.00822529
0.0080393
0.00782844
0.00755475
0.00821293
0.012056
0.0119016
0.0113842
0.00890262
0.00514561
0.00386689
0.00203231
0.00561922
0.00868753
0.0114558
0.0130957
0.0134896
0.0125975
0.0101728
0.00759798
0.00293361
0.00648424
0.0070457
0.00652859
0.00612224
0.00614748
0.00696323
0.00796706
0.0116659
0.0100057
0.0083005
0.0050612
0.001539
0.00231093
0.00585416
0.00889871
0.0111048
0.0122425
0.0122306
0.0109739
0.00811613
0.0642934
0.0413785
0.0438795
0.0351501
0.0262938
0.0206075
0.0116824
0.00362519
0.00718472
0.0150247
0.0213784
0.0255809
0.0273302
0.0265553
0.0232567
0.0167874
0.00842792
0.00328243
0.0076178
0.0102561
0.0121386
0.013109
0.0130478
0.0122168
0.0117078
0.0653537
0.0448653
0.0426228
0.0319111
0.0189533
0.00795789
0.00535532
0.0151789
0.0236645
0.0298689
0.0331276
0.0333154
0.030486
0.0245369
0.0431166
0.0246721
0.0320021
0.0301606
0.0276593
0.0248961
0.0218215
0.017743
0.0118116
0.00532435
0.00282013
0.00900732
0.0148383
0.0192814
0.0217946
0.0222485
0.020627
0.0167691
0.0116655
0.00342292
0.00846074
0.0100023
0.0106568
0.0109414
0.0106608
0.00999964
0.0107696
0.015614
0.0128227
0.0116696
0.00822613
0.00359918
0.00142438
0.00523228
0.00936803
0.0125893
0.0146135
0.0152634
0.0144667
0.0120657
0.00740569
0.00202925
0.00432226
0.00598736
0.00623192
0.00627457
0.00623361
0.00612518
0.00689101
0.0153157
0.0170699
0.0159715
0.0129775
0.00758069
0.00305519
0.00233752
0.00692881
0.0108496
0.0138008
0.015396
0.0155485
0.0141993
0.011055
0.0243174
0.0149085
0.0185295
0.0164549
0.013877
0.0124317
0.01191
0.00849777
0.00516594
0.00283025
0.00242371
0.00600719
0.00931099
0.0120389
0.013612
0.0138912
0.0128189
0.0101411
0.0111516
0.00593209
0.00944424
0.00923788
0.00825318
0.00759589
0.00795409
0.00798876
0.00726838
0.00992532
0.022093
0.0173268
0.0150033
0.00891815
0.00291943
0.00344581
0.00837832
0.0125742
0.0155422
0.0170098
0.0168932
0.0151298
0.0113319
0.0323111
0.0205856
0.0241329
0.0209462
0.017431
0.0156511
0.0130957
0.00850056
0.00391636
0.00174451
0.00637425
0.0107291
0.0142044
0.0162789
0.0168101
0.0157451
0.0129077
0.00812472
0.00165566
0.00556699
0.00695319
0.00722005
0.00731259
0.00720845
0.00702365
0.00799935
0.0170923
0.0164468
0.0153512
0.0117549
0.00642798
0.00190515
0.00351684
0.00804573
0.0118389
0.0144958
0.0157544
0.0155411
0.0137745
0.00998686
0.0161299
0.0104818
0.0136202
0.0125539
0.0111369
0.0103005
0.0103918
0.00888292
0.00711833
0.0104989
0.00661643
0.00442878
0.00233416
0.0051771
0.0084901
0.0111713
0.0127524
0.0131127
0.012203
0.00980632
0.00763886
0.00314779
0.00657597
0.00700858
0.00644074
0.00601355
0.00609308
0.00697589
0.00768599
0.0114304
0.00961941
0.00796943
0.00490769
0.00137721
0.00237891
0.00584027
0.00883072
0.0109639
0.0120486
0.0120024
0.0107246
0.00784141
0.0463495
0.0299801
0.0324353
0.0263262
0.0200782
0.0173945
0.0108824
0.00451221
0.00305359
0.00924713
0.0145958
0.0185548
0.0206956
0.0208937
0.0191177
0.0151428
0.0262993
0.0153452
0.0201399
0.018707
0.0166843
0.0150144
0.0140834
0.0115101
0.00803283
0.00468225
0.00164693
0.00487712
0.00888563
0.0123703
0.014648
0.0155244
0.0149359
0.0127621
0.00828973
0.00409891
0.00398349
0.00627125
0.00664086
0.00669892
0.00665575
0.00645943
0.00692321
0.0133276
0.013641
0.0137491
0.0114918
0.00704381
0.00519721
0.00102017
0.00490816
0.00834071
0.0115515
0.0135828
0.01432
0.0137222
0.0116163
0.00731899
0.00328494
0.00413721
0.00603259
0.00615318
0.00604951
0.00597265
0.00590817
0.00686401
0.0122756
0.0165606
0.0147035
0.0119741
0.00686891
0.00233056
0.00269776
0.00695256
0.0105873
0.0132297
0.0145873
0.01458
0.0131351
0.00991589
0.0657758
0.0420853
0.045136
0.0366149
0.0278911
0.0225156
0.0135308
0.00478358
0.00576005
0.0139451
0.0207387
0.0254522
0.0276933
0.0273648
0.0244861
0.0187138
0.0181269
0.00979741
0.0153894
0.0163292
0.0166115
0.0162751
0.0151275
0.0138761
0.0192055
0.014664
0.0112747
0.00637121
0.00177083
0.00555327
0.0104878
0.0144722
0.0169772
0.0178616
0.0170783
0.0145163
0.00932481
0.00349692
0.00363517
0.00608231
0.00697812
0.00747812
0.00762945
0.00737557
0.00723334
0.0115772
0.0128332
0.0147196
0.0125278
0.00849714
0.00393741
0.00103306
0.00540544
0.00935067
0.0124902
0.0143556
0.0148679
0.0139729
0.0114734
0.00723067
0.00170872
0.00515295
0.0063752
0.00639413
0.00630926
0.00621378
0.00625625
0.00770035
0.0136533
0.0241835
0.0203947
0.0170372
0.0103488
0.00415784
0.00234356
0.00749567
0.0120877
0.015571
0.017523
0.0178349
0.0164625
0.0131774
0.0123881
0.00581484
0.0100905
0.0104622
0.0100358
0.00958743
0.00915112
0.00924552
0.0108633
0.00998499
0.0188725
0.0142805
0.0117211
0.00728256
0.00205112
0.0039837
0.00868305
0.0126374
0.0152957
0.0164926
0.0161512
0.0141875
0.0100726
0.00956894
0.00631437
0.00939483
0.00940562
0.00901216
0.00864432
0.00831057
0.00897715
0.0105352
0.0101783
0.00978695
0.00745239
0.00607022
0.00672243
0.00377826
0.00330427
0.00399607
0.00679266
0.00944866
0.0108715
0.0116341
0.0112619
0.00953596
0.00616134
0.00520089
0.00470573
0.00639114
0.00592642
0.00531822
0.00522689
0.00585443
0.00639036
0.00775408
0.0072645
0.00631182
0.00434464
0.00338665
0.000832646
0.00303707
0.00504842
0.00753502
0.00925649
0.0101019
0.0100253
0.00885629
0.00619227
0.0309185
0.0204253
0.0223637
0.0181364
0.0138562
0.0133356
0.00876247
0.00436606
0.000500851
0.00512949
0.00930761
0.0127285
0.0148842
0.0156394
0.0149172
0.0125718
0.00785545
0.00274761
0.00395127
0.00593077
0.00634659
0.00649386
0.00649118
0.00630505
0.00670712
0.014527
0.0145511
0.0149876
0.0127115
0.00800978
0.005263
0.000750845
0.0049644
0.00876444
0.0121427
0.0142773
0.0150541
0.0144263
0.0122357
0.0077602
0.00331144
0.0039739
0.00601341
0.00631715
0.00635298
0.00631178
0.00615482
0.00673684
0.0134694
0.0143412
0.0137574
0.0113137
0.00666543
0.00345548
0.00166412
0.00591306
0.00948029
0.0123342
0.0139615
0.0142738
0.0132184
0.0105437
0.00982271
0.00471473
0.00833816
0.00850426
0.00781886
0.00730621
0.00730296
0.0079245
0.00814987
0.011167
0.0101421
0.00968482
0.00708617
0.00375145
0.00409258
0.00267045
0.00575075
0.00809091
0.0106284
0.0121241
0.0124391
0.0115888
0.00928991
0.00836236
0.00400962
0.00733779
0.00748085
0.00665766
0.00609795
0.00650971
0.00708767
0.006784
0.00800176
0.00714413
0.00881812
0.00652378
0.00417453
0.00148702
0.00279342
0.00582043
0.00867077
0.010712
0.0117183
0.0116201
0.0103118
0.00738771
0.0281529
0.0184671
0.0208087
0.0173034
0.0136503
0.0132995
0.00968731
0.00559018
0.00176547
0.00303285
0.00715297
0.0107234
0.0133518
0.0147043
0.0146683
0.0131712
0.00988487
0.076334
0.0488961
0.0518923
0.0417928
0.0315388
0.0244013
0.0139754
0.0042816
0.00813375
0.0172716
0.0246339
0.0294927
0.0315165
0.0306438
0.0269216
0.0197687
0.00997633
0.00307878
0.00754624
0.0111363
0.0138458
0.0153683
0.0155846
0.0147096
0.0135171
0.0261165
0.0200985
0.0171074
0.011262
0.00445635
0.00271699
0.00868335
0.0138427
0.017627
0.0196641
0.0198641
0.0181967
0.0144285
0.0224283
0.012852
0.0174209
0.0164454
0.0148579
0.0135101
0.012761
0.01111
0.00836957
0.00574233
0.00241709
0.00289775
0.00643195
0.00996824
0.0126261
0.0140604
0.0141693
0.0128806
0.00990598
0.0328584
0.0207178
0.0239447
0.0203353
0.0163638
0.0147482
0.0113598
0.00666565
0.00205718
0.00337489
0.00796861
0.0119545
0.0148289
0.0162732
0.0161853
0.0145027
0.0108712
0.0431957
0.0276106
0.0310071
0.0260949
0.0209219
0.0186228
0.0134414
0.00730222
0.00139765
0.00567093
0.0112831
0.0159174
0.018969
0.0202025
0.0195511
0.016954
0.0117074
0.00581376
0.00354759
0.00682303
0.00814582
0.00894571
0.00925729
0.00898523
0.00851492
0.0103637
0.0135569
0.0119871
0.00990255
0.00618343
0.00249907
0.0020526
0.00615523
0.00962979
0.0122638
0.0136929
0.0138337
0.0126233
0.00976773
0.0234927
0.0145858
0.0178256
0.0156008
0.0129208
0.0116616
0.0107244
0.00732027
0.00409669
0.00123579
0.0033719
0.00688051
0.00999772
0.0122247
0.013293
0.0131037
0.0115597
0.00820945
0.0156425
0.0104501
0.0130476
0.011618
0.00994019
0.00933963
0.0096042
0.00741788
0.00572707
0.0144087
0.00866929
0.00655014
0.00305749
0.0043787
0.00770046
0.0105987
0.0124643
0.0131154
0.0125264
0.01056
0.00660063
0.00291838
0.00400993
0.00564661
0.00561824
0.00541407
0.0053359
0.00541919
0.00666441
0.0107499
0.0216036
0.0177476
0.0150589
0.0092434
0.00377211
0.00195791
0.00649534
0.010615
0.0137802
0.0155888
0.0159367
0.0147715
0.011871
0.00969201
0.00401204
0.00795096
0.00851791
0.00820996
0.00789744
0.00763961
0.00786534
0.0101099
0.0106673
0.0180091
0.0143875
0.0111533
0.00619972
0.00126096
0.00438951
0.00880329
0.01244
0.0148009
0.0157545
0.0152377
0.0131407
0.00880153
0.00504464
0.00406109
0.00658201
0.00700989
0.00707844
0.00702194
0.00677983
0.00710721
0.0130687
0.0127732
0.0145121
0.0122611
0.00809787
0.00380837
0.00105414
0.00546515
0.00937945
0.0125022
0.0143519
0.0148481
0.0139388
0.0114281
0.00725021
0.00170446
0.00521341
0.00639815
0.00642851
0.00635635
0.00625378
0.00627461
0.00771772
0.0135186
0.022559
0.0191977
0.0158568
0.00946466
0.00358326
0.00257442
0.00755541
0.0119125
0.0151609
0.0169248
0.0171073
0.0156609
0.0123269
0.0208814
0.0122863
0.0162686
0.0150461
0.0132475
0.0119518
0.0118024
0.00964216
0.0069783
0.00633263
0.00295021
0.00307831
0.00508512
0.00850894
0.0111336
0.0126591
0.0130268
0.0121203
0.00972155
0.00738269
0.0029371
0.0063258
0.00679214
0.00629509
0.00591626
0.00594001
0.0067304
0.00774535
0.0114793
0.00981808
0.0081408
0.00493984
0.00148393
0.00229018
0.00572975
0.00868317
0.0108135
0.0119035
0.0118759
0.0106385
0.00783766
0.0545247
0.0351468
0.0375795
0.0302802
0.0228494
0.0186723
0.0110616
0.00386702
0.00511919
0.0120227
0.0177666
0.0217483
0.0236257
0.0233055
0.0207768
0.0156452
0.0152622
0.00859963
0.0133323
0.013951
0.0139888
0.013607
0.0126635
0.011944
0.015838
0.0123548
0.00994418
0.00609477
0.00190264
0.00402664
0.00844495
0.0121492
0.0146292
0.0157026
0.0153047
0.013347
0.00925742
0.00724399
0.00506389
0.00784653
0.00803558
0.00784958
0.00763457
0.00735871
0.0079679
0.0115368
0.0112811
0.0109109
0.00853814
0.00503505
0.00504846
0.00196675
0.00483229
0.00730777
0.0101824
0.0120286
0.0127079
0.0122219
0.0103747
0.00655678
0.00379805
0.00435221
0.00607227
0.00589132
0.00554649
0.00544103
0.00562488
0.00691158
0.00957047
0.0159442
0.0133268
0.0107604
0.00606032
0.00168852
0.00300709
0.00690289
0.0102262
0.0125507
0.0136704
0.0135118
0.0119848
0.00865781
0.0186965
0.012259
0.0149964
0.0132383
0.011211
0.0104338
0.0101548
0.00746777
0.00515252
0.00502712
0.00239323
0.00368992
0.00548633
0.0084106
0.0105117
0.0115608
0.0115836
0.0104107
0.00769423
0.0734597
0.0472397
0.0495718
0.0393961
0.0291354
0.0216319
0.0115223
0.00338807
0.00970865
0.0182381
0.0249156
0.0290695
0.0304659
0.0290762
0.0249175
0.016883
0.0074939
0.00287007
0.00663154
0.010277
0.0129606
0.0144209
0.014623
0.0138137
0.0127653
0.0261132
0.0200554
0.017336
0.0116694
0.00493629
0.00212066
0.00796188
0.0131273
0.0170012
0.0191778
0.0195575
0.0181094
0.0146453
0.0111878
0.00407471
0.00864948
0.00969181
0.00989323
0.00986425
0.00947912
0.00901866
0.0114806
0.0118377
0.0107896
0.00833036
0.00516508
0.00226735
0.00248914
0.00608246
0.00939303
0.011939
0.013328
0.0134622
0.0122718
0.00946806
0.0249134
0.015567
0.0187067
0.0162067
0.0132873
0.0120249
0.010471
0.00686306
0.00341594
0.000961756
0.00459447
0.00814583
0.0111376
0.0130447
0.0137176
0.0130858
0.0109988
0.00682911
0.00263334
0.00399432
0.00566943
0.00576527
0.00567321
0.00560962
0.00558169
0.00657227
0.0120971
0.0182247
0.0158945
0.0131636
0.0077941
0.00292023
0.00230203
0.00666401
0.0104603
0.0132959
0.0148301
0.0149767
0.0136772
0.0106526
0.0228459
0.0139756
0.017461
0.0155549
0.0131593
0.0117945
0.0114365
0.00825312
0.00513841
0.00337711
0.00205289
0.00526516
0.00832462
0.0110668
0.012744
0.0132041
0.0124008
0.0101366
0.00658113
0.00188109
0.00515371
0.00608965
0.00585175
0.00560441
0.00554431
0.00593528
0.0075683
0.0114616
0.0115242
0.0101679
0.00695566
0.00338093
0.000566533
0.0042466
0.00752199
0.0102494
0.0119245
0.0124759
0.0118465
0.00984735
0.00608135
0.00218177
0.00430452
0.00557166
0.00538465
0.00511336
0.00506466
0.00537077
0.00678593
0.0103704
0.0115512
0.0102439
0.00741601
0.00359092
0.000595527
0.00379197
0.00706574
0.00978937
0.0115092
0.0121449
0.0116336
0.00980848
0.00613074
0.00318226
0.0041197
0.00565333
0.00545196
0.00510993
0.00503534
0.00531681
0.00663363
0.00932732
0.0114504
0.00997394
0.00740333
0.00363171
0.000680623
0.00367804
0.00691082
0.00959591
0.0112975
0.0119354
0.011445
0.0096622
0.00605495
0.00335153
0.00414469
0.00567875
0.00543654
0.00505598
0.00498323
0.0053238
0.00657899
0.00897642
0.0100771
0.00877303
0.00626681
0.00294323
0.000641072
0.00379662
0.00680024
0.00928983
0.0108265
0.0113464
0.0107856
0.00895181
0.00555697
0.00240312
0.00433001
0.00544118
0.00505212
0.00463256
0.00466422
0.0053735
0.00630722
0.00862837
0.00757302
0.00625667
0.00380589
0.00132666
0.0016625
0.00454587
0.00702944
0.0089139
0.00994308
0.010039
0.00911066
0.00684638
0.0249174
0.0160211
0.0183509
0.015248
0.0118525
0.0113439
0.0082545
0.00463408
0.001171
0.00303256
0.00669884
0.00986306
0.0121333
0.0132565
0.0131274
0.0116548
0.00843432
0.0233439
0.0152512
0.0179306
0.0154229
0.0126929
0.0119225
0.0101673
0.00674144
0.00365756
0.00100084
0.00423176
0.00765825
0.010662
0.0126367
0.0134121
0.012916
0.0110145
0.00708491
0.00404977
0.00409882
0.00605409
0.00607612
0.00586703
0.00575325
0.0057345
0.00681997
0.0105532
0.0167583
0.0142692
0.01171
0.00675903
0.00218929
0.00269425
0.00678317
0.0102915
0.0128212
0.0141092
0.0140781
0.0126552
0.00950131
0.054492
0.0349114
0.0378552
0.0309597
0.0238594
0.020136
0.012727
0.00524533
0.0034765
0.0105324
0.0165989
0.0210456
0.023422
0.0236041
0.0215863
0.0171881
0.0317294
0.0185358
0.0238624
0.022103
0.0197757
0.0176798
0.0160141
0.0127169
0.00835771
0.00381444
0.00233833
0.00698662
0.0114283
0.0148762
0.016852
0.0172324
0.0159778
0.0128979
0.0097744
0.00354886
0.00774098
0.0085904
0.00857447
0.00844152
0.0081353
0.00797272
0.0106564
0.0112638
0.0129291
0.0105934
0.00718786
0.00329247
0.00145972
0.00539199
0.00905115
0.0119237
0.0135928
0.0139808
0.0130322
0.0105342
0.00761123
0.00266561
0.00624247
0.00693571
0.00664487
0.00637405
0.00625883
0.00665897
0.00856433
0.0112346
0.0118533
0.0101957
0.00684884
0.00317339
0.000976902
0.00479335
0.00814911
0.0108599
0.0124692
0.0129031
0.0121064
0.00986946
0.00653669
0.00200134
0.00524442
0.00609185
0.00580117
0.00552148
0.00547667
0.00597017
0.00754094
0.0112226
0.010503
0.00910761
0.00591217
0.00303475
0.000791968
0.00437283
0.00738568
0.00992484
0.0114558
0.0119068
0.0112237
0.00919374
0.0059371
0.00199907
0.00483567
0.00570496
0.00531748
0.0049567
0.00498586
0.00570704
0.00680596
0.00992875
0.00861641
0.00717001
0.00435504
0.00147466
0.00181928
0.00490977
0.00757394
0.00956353
0.0106306
0.0106996
0.00968268
0.00726329
0.0343978
0.0221094
0.0245031
0.0200871
0.0154367
0.014069
0.00935169
0.00450728
0.001083
0.00590995
0.0103144
0.0138295
0.0159724
0.0166076
0.0156748
0.0130268
0.00795236
0.00170753
0.00435282
0.00611242
0.00667277
0.00696968
0.00699105
0.00674508
0.0069529
0.018055
0.0157911
0.0189648
0.016415
0.0113524
0.00563918
0.000395534
0.00560736
0.0103942
0.0142622
0.0166558
0.0174711
0.016662
0.0141036
0.00894354
0.00304697
0.00358358
0.00587943
0.00677821
0.00729707
0.00745534
0.00720512
0.00704351
0.011299
0.0124209
0.0137907
0.0116963
0.00778946
0.00364393
0.0010328
0.00523944
0.0089727
0.0119513
0.0137138
0.0141831
0.0133077
0.0108913
0.00699018
0.00175708
0.00518465
0.0062592
0.0062094
0.00608606
0.00598478
0.00609128
0.00769393
0.0124953
0.0227763
0.019017
0.0157676
0.00945781
0.00360408
0.0024833
0.00736746
0.0116658
0.0148792
0.0166356
0.0168373
0.0154387
0.0121928
0.0179885
0.0102928
0.0142405
0.0134571
0.0120659
0.0109999
0.0107732
0.00955022
0.00749704
0.00692321
0.00409664
0.00237878
0.00263104
0.0061073
0.00906517
0.0111526
0.0122125
0.0121185
0.0107763
0.00781602
0.0281064
0.0183133
0.0207894
0.017433
0.0138971
0.0132642
0.00992995
0.00584488
0.00198568
0.00278804
0.00688771
0.0104722
0.0131404
0.014546
0.0145782
0.0131734
0.0100553
0.0902978
0.0576449
0.0606575
0.0485276
0.0362396
0.0266989
0.0144679
0.00406513
0.011237
0.0215447
0.0295899
0.0346139
0.0363475
0.0347786
0.0299947
0.021
0.010268
0.0030914
0.00670584
0.0116917
0.0154775
0.0176854
0.0182775
0.0174626
0.015855
0.0178644
0.0156876
0.0117661
0.00746694
0.0028017
0.003479
0.00846095
0.0128886
0.0161035
0.0177419
0.0177157
0.0159846
0.0122877
0.10507
0.0669176
0.0705149
0.056677
0.0426671
0.0314003
0.0172948
0.00479031
0.0123829
0.024305
0.033615
0.0394718
0.0415669
0.0398972
0.0346086
0.0248622
0.0128589
0.00379043
0.00676385
0.0128981
0.0176578
0.0205432
0.0215066
0.0207332
0.018783
0.0183797
0.0173403
0.0124079
0.00840736
0.00434077
0.00335119
0.00811059
0.0128933
0.0166485
0.0187765
0.0191296
0.0176801
0.0142489
0.0116999
0.00472206
0.00924199
0.0100641
0.0100984
0.00994383
0.00948606
0.00908362
0.0122609
0.0112914
0.0105261
0.00787961
0.00509014
0.0028113
0.00256237
0.00573403
0.00892635
0.0115272
0.0130196
0.0132838
0.0122571
0.00969821
0.0107065
0.00569246
0.00903542
0.00884265
0.00792128
0.00729805
0.00757918
0.00763092
0.00695413
0.00995898
0.0229237
0.0179885
0.0157053
0.00946359
0.0033541
0.00302072
0.00796151
0.01221
0.0152809
0.0168688
0.0168856
0.0152841
0.0117854
0.0639623
0.0405757
0.0441844
0.0364021
0.0283431
0.0234599
0.0150287
0.00627114
0.00376527
0.0118607
0.0188108
0.0238893
0.0266077
0.0268365
0.0245949
0.0197549
0.0273508
0.0148901
0.0208936
0.0204368
0.0193455
0.0179729
0.016219
0.0146413
0.0118177
0.00760103
0.00327981
0.00257812
0.00724965
0.0115137
0.0147378
0.0165109
0.016726
0.0153432
