
Dual Tolerance: 
1
91.8903
148.346
181.212
110.016
103.633
91.6626
72.1938
49.0109
23.873
1.75718
29.817
50.4029
58.1142
52.2114
37.4337
18.6401
6.25321
17.403
25.6796
27.6249
23.8596
16.5454
8.66641
6.57311
10.7417
13.6211
13.838
11.8278
8.75239
6.39821
6.39596
7.65859
8.46476
8.33611
7.51658
6.5852
6.1153
6.22404
6.54005
6.70377
6.61549
6.38019
6.1716
6.09763
6.14103
6.21129
5.10438
3.39782
2.60417
1.67196
0.64124
0.346779
1.21625
1.91823
2.41351
2.6117
2.59918
2.37337
1.96927
1.43423
0.826829
0.201547
0.388185
0.891478
1.24837
1.52472
1.64452
1.60911
1.44147
1.16737
0.81801
0.427724
0.0336209
0.335167
0.642478
1.04491
1.01047
1.0247
0.957632
0.818614
0.62226
0.392111
0.149549
0.0844286
0.289785
0.440429
0.538554
0.629027
0.638295
0.591726
0.49958
0.373255
0.22407
0.0679783
0.0819561
0.215426
0.340741
0.398918
0.406076
0.389668
0.344202
0.27405
0.187534
0.09447
0.001963
0.0848994
0.143803
0.558923
0.338936
0.316923
0.35902
0.362937
0.33749
0.289513
0.221181
0.137992
0.0490481
0.037587
0.116357
0.193404
0.239862
0.231194
0.219399
0.192713
0.152743
0.103865
0.0522651
0.0013087
0.0454746
0.0755081
0.516834
0.237262
0.194319
0.234861
0.245785
0.236336
0.212686
0.172907
0.120807
0.0611009
0.00119686
0.0589054
0.107727
0.942161
0.302089
0.0969791
0.0543825
0.0560891
0.0822722
0.114562
0.144476
0.164084
0.166563
0.154092
0.129519
0.0957554
0.0547101
0.0119399
0.0295173
0.0685779
0.137719
0.119055
0.10657
0.0925977
0.0754911
0.0533792
0.0302768
0.00745752
0.0128373
0.0268339
0.010779
0.0389753
0.0615986
0.0487122
0.0679811
0.0656566
0.0560332
0.0431795
0.0254723
0.00651798
0.0124413
0.0320956
0.0768381
0.0608658
0.0448109
0.0332735
0.0237806
0.0142883
0.00533111
0.00240428
0.00671791
0.00449491
0.0274631
0.019697
0.00963796
0.0357993
0.0372136
0.0302908
0.0371876
0.0328539
0.025303
0.0148113
0.00330579
0.00863019
0.0222991
0.0702955
0.0407569
0.0235749
0.0125562
0.00623503
0.00260907
0.00191474
0.000855748
0.0136449
0.0197112
0.0683043
0.0356308
0.0329603
0.0424538
0.0425826
0.0415229
0.0396208
0.0337727
0.0240441
0.0118899
0.00102141
0.0141727
0.0309907
0.21107
0.0678956
0.0156969
0.013115
0.0210577
0.0164916
0.0224625
0.0370637
0.0377941
0.0410821
0.0410655
0.0357721
0.0271535
0.0153433
0.00268509
0.0103687
0.0253685
0.0923353
0.0443775
0.0246302
0.0126689
0.00612981
0.00279113
0.00341663
0.00119439
0.0141412
0.0050349
0.0520755
0.0333867
0.0178277
0.0403918
0.0414743
0.037045
0.0374791
0.0317566
0.0220786
0.010431
0.00190104
0.0147175
0.0322648
0.116492
0.0432372
0.0179635
0.00804403
0.00629462
0.00615029
0.00343359
0.00578295
0.0108589
0.00321534
0.0164858
0.0271305
0.00961121
0.0288793
0.0281769
0.0219662
0.0180102
0.00979784
0.000787677
0.0085371
0.0210116
0.184259
0.0586252
0.0113331
0.0156468
0.0235738
0.0139825
0.0265238
0.0365287
0.0331974
0.0375075
0.035214
0.0294154
0.0196846
0.00844647
0.00329056
0.0158554
0.0353999
0.071396
0.0329408
0.0180486
0.00993051
0.0044515
0.00199134
0.00258865
0.00357327
0.0226768
0.00974959
0.00541174
0.0274493
0.0235683
0.015076
0.0325284
0.0308633
0.0258514
0.0214525
0.0126713
0.00299874
0.00692416
0.0189905
0.0619724
0.0365949
0.0192018
0.0085341
0.00393011
0.0026665
0.00150624
0.00455486
0.00782079
0.0241602
0.0118831
0.0171539
0.0260723
0.02377
0.0263188
0.0266575
0.023492
0.0172279
0.00885102
0.000426139
0.00992888
0.0231591
0.333171
0.103225
0.0197232
0.0396278
0.0532558
0.0447869
0.0652913
0.0712152
0.0674758
0.0612061
0.0492151
0.0324164
0.0133486
0.00605331
0.0254783
0.0514964
0.0852105
0.0517266
0.0388356
0.0282653
0.0179072
0.00843744
0.000508773
0.00654979
0.0052003
0.260269
0.0880588
0.0357951
0.0748526
0.0856378
0.082352
0.0876558
0.080779
0.0671181
0.0482255
0.0252113
0.00151685
0.0222432
0.0463745
0.290243
0.0999618
0.0407219
0.0199077
0.0142545
0.0183946
0.02451
0.0308756
0.0443538
0.0523766
0.0546602
0.0527276
0.045592
0.034323
0.019405
0.00351803
0.0125769
0.0301181
0.0961811
0.0519978
0.0335443
0.021014
0.0121318
0.00489895
0.00217179
0.00532107
0.00432795
0.0282709
0.0156387
0.0086558
0.0337379
0.0333202
0.0270802
0.0356306
0.0320157
0.0254985
0.0158898
0.00502878
0.00624935
0.0188209
0.0481264
0.0437244
0.025283
0.0145467
0.00810659
0.00380353
0.00109238
0.00128875
0.00446892
0.0459518
0.0320713
0.0171959
0.0310046
0.034885
0.0325679
0.0367583
0.0354576
0.0307684
0.0231069
0.0124726
0.00124886
0.0106168
0.0250045
0.155854
0.0532114
0.0161822
0.00787089
0.013202
0.0112268
0.00669377
0.0233188
0.0253167
0.0190451
0.0330073
0.0317788
0.0273909
0.021367
0.0121668
0.00213825
0.00835268
0.0212022
0.0859519
0.0380777
0.0177022
0.0066759
0.00461726
0.00439879
0.00214879
0.000908668
0.00405753
0.0156569
0.0695686
0.0283633
0.0324996
0.0415963
0.0406889
0.040267
0.0384028
0.0327661
0.0233828
0.0115336
0.0010641
0.0139161
0.0305694
0.197852
0.0640225
0.0153601
0.0119632
0.0192653
0.014984
0.0193264
0.0341222
0.0348084
0.0381215
0.0393061
0.0347427
0.0271684
0.0161137
0.00409873
0.00829805
0.0222893
0.0630068
0.0430453
0.0262048
0.0153104
0.00838032
0.00378919
0.00114814
0.00187181
0.00565915
0.0502178
0.0215798
0.0181227
0.0333776
0.03412
0.0339597
0.0375188
0.0350616
0.0298048
0.0208884
0.00985058
0.00176082
0.0139105
0.0309393
0.116472
0.0422231
0.0160861
0.00700997
0.00716095
0.00652361
0.00238872
0.00950279
0.0127066
0.0170657
0.0257768
0.0292075
0.0284638
0.0295656
0.0261704
0.0207116
0.0123401
0.00286836
0.00711019
0.019034
0.0631635
0.0356288
0.0184752
0.00796765
0.0037369
0.0027687
0.0015009
0.00507665
0.00648723
0.024241
0.0131645
0.0151909
0.0259611
0.0246218
0.0256257
0.0264081
0.0232839
0.0168751
0.00854322
0.00056546
0.0101743
0.0237551
0.251495
0.0780655
0.0135228
0.0268952
0.0371903
0.0252402
0.0456209
0.0530925
0.0499609
0.0492819
0.0421499
0.0309939
0.0166204
0.001521
0.0139598
0.0314086
0.17965
0.0635947
0.0247376
0.010508
0.0104083
0.0116074
0.00940033
0.0181179
0.0260986
0.0261031
0.0353602
0.0365321
0.0330578
0.0273916
0.0177842
0.00680978
0.00460687
0.017087
0.039703
0.0541912
0.0286937
0.0167556
0.00974348
0.00456635
0.00140066
0.00185678
0.00263361
0.0355201
0.0188048
0.0065047
0.0287841
0.0297692
0.0179539
0.0346322
0.0340886
0.0289816
0.0251649
0.015997
0.00574078
0.00473746
0.016626
0.0407071
0.0484893
0.0255821
0.0140531
0.00768892
0.00346852
0.00135938
0.0011079
0.00562752
0.0316316
0.0382333
0.0203445
0.0287143
0.0336932
0.0323154
0.0342456
0.0330503
0.0286272
0.0208999
0.0107154
0.000492815
0.0115898
0.0261332
0.352335
0.109114
0.0189477
0.0381978
0.0528246
0.0434676
0.0661618
0.0736595
0.0705148
0.0651591
0.0534936
0.0369264
0.0174023
0.00267243
0.0226457
0.0458975
0.152559
0.0636548
0.0376796
0.0229571
0.0113627
0.00297114
0.00901338
0.0103508
0.028447
0.0253236
0.030721
0.0413852
0.0429597
0.0421657
0.0384246
0.0310913
0.0197468
0.00698233
0.00616766
0.0202419
0.0466102
0.0534011
0.0319316
0.0207555
0.0132944
0.00704971
0.00205746
0.00210028
0.00182619
0.0240786
0.0177059
0.0176573
0.0286134
0.0295348
0.0312694
0.0351405
0.0341519
0.0308017
0.024712
0.0147828
0.00404347
0.00708733
0.0198995
0.0558585
0.0405583
0.0234389
0.0127782
0.00655564
0.0029664
0.00126825
0.000726679
0.0086876
0.0359827
0.0734686
0.0343099
0.0343856
0.0429867
0.0431125
0.0431611
0.0419851
0.0365734
0.027665
0.0154621
0.00250326
0.0108942
0.0262191
0.10024
0.0457477
0.0247584
0.0124692
0.00601408
0.00317947
0.00398785
0.00126455
0.0100016
0.00480391
0.0511786
0.0309149
0.0180946
0.0403497
0.0409847
0.036826
0.0368088
0.0309311
0.0211152
0.00949831
0.00274426
0.0155765
0.0342194
0.0856088
0.0365998
0.0189896
0.00995416
0.00453467
0.00284866
0.00328478
0.00358754
0.0107478
0.00407017
0.00302073
0.0230797
0.0104467
0.00334536
0.0337985
0.0288673
0.0122366
0.0264639
0.0209244
0.0124018
0.00603424
0.00302588
0.0139119
0.0304054
0.0531867
0.0227034
0.00991261
0.00445042
0.00300828
0.00205682
0.00333056
0.00467588
0.0103142
0.00390669
0.00875191
0.0178664
0.00851574
0.0194993
0.0237325
0.0196949
0.0196169
0.0137928
0.00668176
0.000688791
0.00936701
0.0229924
0.174253
0.0544428
0.00934952
0.0182963
0.0252036
0.0122184
0.0298639
0.0372388
0.0311816
0.0368212
0.0335722
0.027333
0.0170881
0.00587706
0.00572428
0.0185997
0.0450241
0.0481261
0.0274525
0.0163866
0.0096252
0.00464098
0.00122126
0.00175031
0.00233566
0.0427668
0.0213517
0.00807577
0.0301237
0.0317983
0.0222754
0.0365502
0.0360954
0.0314162
0.0267219
0.0169507
0.0061035
0.00501665
0.017429
0.041824
0.0500004
0.0271806
0.0157115
0.00901918
0.00420348
0.00129337
0.00160694
0.0033856
0.0376999
0.0229623
0.0100852
0.0288387
0.0310125
0.0249355
0.0341579
0.0332177
0.0288253
0.0226821
0.0129309
0.00246223
0.00841205
0.0215072
0.0799567
0.0385265
0.0194959
0.00838806
0.00427964
0.00340931
0.0018767
0.00351299
0.0033218
0.0195563
0.00702109
0.0037634
0.0280613
0.0209391
0.00926166
0.0322917
0.0298522
0.0225802
0.0200941
0.0118195
0.00247559
0.00675645
0.0184966
0.0681931
0.0355983
0.0171842
0.00635087
0.0037701
0.00356512
0.00240193
0.00398673
0.00201647
0.008346
0.0058781
0.0110055
0.0197963
0.0179862
0.0229948
0.0270752
0.0253312
0.0225632
0.0161929
0.00796804
0.000855643
0.0104803
0.0246477
0.166239
0.0526386
0.00939509
0.0142595
0.0210077
0.0102
0.0235932
0.0332992
0.0270442
0.0350457
0.033916
0.0290136
0.0209404
0.0106288
0.000432339
0.0120892
0.0269214
0.407113
0.126036
0.0228784
0.0466512
0.0634863
0.0562586
0.0792241
0.0857996
0.0815858
0.0732326
0.0584994
0.0384496
0.0158555
0.00699151
0.0295022
0.0579268
0.0947104
0.0609423
0.0481896
0.0366185
0.024543
0.0129183
0.00183908
0.0069654
0.00990886
0.0666526
0.0280704
0.0319048
0.048878
0.0488748
0.0491917
0.0474902
0.0407154
0.0301853
0.0162728
0.00166351
0.0133579
0.0303465
0.1603
0.0586936
0.0246585
0.0105508
0.0084605
0.00933934
0.00776107
0.0120034
0.0202405
0.0207247
0.0294499
0.0339328
0.0320469
0.0285474
0.0211435
0.0113558
0.000890627
0.0103377
0.0242793
0.197612
0.0633289
0.0133072
0.0142284
0.0225271
0.0153835
0.0245562
0.0368715
0.0354848
0.039158
0.0377932
0.0321739
0.0229165
0.0114103
0.000794936
0.0135371
0.0297939
0.253339
0.0795288
0.0143144
0.0200327
0.0304079
0.0213932
0.0374531
0.0491295
0.0477593
0.050064
0.0456093
0.0371279
0.0242536
0.00972526
0.00520237
0.0207104
0.0443444
0.0690328
0.0391492
0.0266082
0.0177873
0.0100055
0.00354939
0.00219796
0.00403332
0.0105774
0.0221904
0.0101917
0.0227071
0.0303727
0.026011
0.032593
0.0320447
0.0278963
0.0211367
0.0114482
0.00115967
0.00975785
0.0233708
0.15142
0.0510547
0.0141445
0.00830469
0.0143083
0.0108668
0.0087777
0.0246031
0.0248411
0.0234924
0.0319718
0.0298822
0.0255827
0.0178917
0.00845404
0.0015567
0.0123896
0.0283691
0.11061
0.038691
0.0122447
0.00595971
0.0087118
0.00614702
0.00150673
0.0143383
0.0125631
0.0425533
0.0331123
0.0301497
0.0324105
0.0312524
0.0274301
0.0227645
0.014922
0.00534932
0.00468422
0.0158584
0.0395188
0.0450416
0.0235214
0.0123077
0.00638552
0.00289509
0.00140511
0.000674857
0.00764452
0.026088
0.0707937
0.0310321
0.0298032
0.0382267
0.0382455
0.038188
0.0377507
0.0332705
0.0255503
0.0145775
0.00282278
0.00939642
0.0235399
0.0817496
0.0415815
0.0230905
0.0116749
0.00560687
0.00263453
0.00263443
0.00119998
0.0138928
0.00926915
0.0466265
0.0312207
0.0259787
0.038497
0.0388516
0.0368756
0.0348615
0.0290189
0.0190653
0.00768194
0.00417839
0.0168968
0.0381778
0.060437
0.0309282
0.0181918
0.0106668
0.00503111
0.00153966
0.00222181
0.00188864
0.033787
0.014823
0.0150834
0.0300898
0.0290751
0.0304801
0.0360898
0.0348258
0.0312667
0.0250131
0.014891
0.00397179
0.00732781
0.0203342
0.0577035
0.0407198
0.023683
0.0129811
0.00667885
0.00299531
0.00129635
0.000796083
0.00880065
0.0357928
0.0664973
0.0326219
0.0341086
0.0420796
0.041975
0.0421101
0.0406988
0.0352513
0.0262538
0.0142204
0.00154587
0.0117109
0.0271893
0.147116
0.05314
0.0204202
0.00807547
0.00914888
0.0093909
0.00455117
0.0146187
0.0204045
0.00875153
0.0302114
0.0326356
0.0256713
0.0273592
0.0210158
0.0122849
0.00295611
0.00729254
0.0195787
0.0629996
0.0358931
0.0188514
0.00844397
0.00389988
0.00263235
0.00147267
0.00460082
0.00812591
0.0252404
0.0123624
0.0177168
0.0265125
0.0242865
0.0266958
0.0269082
0.023667
0.017283
0.00881166
0.000482975
0.0101386
0.0236091
0.297703
0.0922386
0.0167551
0.0338292
0.046025
0.0358339
0.0566217
0.0632929
0.0601249
0.0561554
0.046309
0.0319393
0.014917
0.00266072
0.020345
0.0419842
0.132388
0.0554074
0.0318367
0.0187355
0.00893491
0.00300717
0.00768476
0.00669733
0.0217255
0.0203311
0.0204454
0.035317
0.0375999
0.036763
0.0353427
0.0295588
0.0199887
0.00865247
0.0032296
0.0158223
0.0351753
0.0730524
0.0334823
0.0183326
0.0100727
0.00452197
0.00204497
0.00269441
0.00342716
0.022006
0.00898536
0.0042158
0.0274751
0.0227577
0.0102001
0.0331597
0.0315119
0.0244035
0.0230308
0.0148871
0.00544769
0.00394914
0.0149842
0.037669
0.0493298
0.0239892
0.0117758
0.00588435
0.00280355
0.00169288
0.000983221
0.0081287
0.0188453
0.0441451
0.0238791
0.0261711
0.0326717
0.0320221
0.0321659
0.0310744
0.0267965
0.018926
0.00909083
0.00138493
0.0124349
0.0282288
0.127777
0.0434946
0.012694
0.00694419
0.0108504
0.00768141
0.00400673
0.0187864
0.0175814
0.00682504
0.0298139
0.0292435
0.0213702
0.0234035
0.0168974
0.00853475
0.000357757
0.0096721
0.0230873
0.390558
0.121202
0.0249837
0.0491893
0.0650959
0.0593436
0.0792247
0.0840016
0.0788731
0.0693137
0.0539009
0.0334144
0.0110851
0.0112638
0.0335157
0.0685774
0.0752707
0.0565209
0.0454007
0.0350732
0.0234032
0.0122061
0.00168834
0.00656989
0.00898658
0.0715173
0.0284491
0.0300559
0.0484173
0.0486542
0.0488104
0.0478576
0.0414487
0.0314207
0.0176821
0.00310164
0.0117578
0.0282593
0.09609
0.048909
0.0297273
0.0173284
0.00924166
0.0031829
0.00320377
0.00418163
0.0142056
0.00810672
0.00787519
0.0259493
0.0217545
0.0229042
0.0334428
0.0312167
0.0274639
0.0207023
0.0112071
0.00107793
0.0097108
0.0232582
0.15955
0.0529352
0.0135225
0.00951986
0.0160935
0.0115909
0.0126253
0.0272933
0.0267813
0.0288557
0.0329175
0.0298521
0.0244791
0.0154546
0.00538364
0.00512207
0.0169921
0.0422042
0.0455043
0.0245797
0.0134848
0.0072903
0.0033112
0.00128081
0.000904221
0.006072
0.0332946
0.0499842
0.0243176
0.0298344
0.0361634
0.035223
0.0364455
0.0354901
0.0309484
0.0231569
0.012512
0.00127551
0.0106469
0.025051
0.153365
0.0526372
0.0163641
0.00765231
0.0127021
0.0109446
0.00586268
0.0224324
0.0246374
0.0161068
0.0327356
0.0318662
0.0272545
0.0223541
0.0135191
0.00368078
0.00650121
0.018541
0.0541666
0.0382752
0.0209919
0.0103932
0.00488755
0.00247065
0.00139417
0.00216532
0.0106835
0.0269493
0.0114624
0.020327
0.0268796
0.0234723
0.0284447
0.0292608
0.0265549
0.0221691
0.0137331
0.00447608
0.00515496
0.0164109
0.0434731
0.0406894
0.021422
0.0106206
0.00514058
0.00253138
0.00139424
0.00166533
0.00917948
0.0244983
0.0169772
0.0189674
0.0250747
0.0255174
0.0271235
0.0281463
0.0262214
0.022119
0.0141335
0.00518033
0.00419968
0.0149738
0.0375373
0.0451791
0.0224012
0.0109044
0.00531938
0.00260941
0.00158523
0.00149967
0.00853444
0.0193235
0.0203536
0.0185397
0.02367
0.0260192
0.0265945
0.0274097
0.0257952
0.02178
0.0139929
0.00520742
0.0040292
0.0146325
0.0365917
0.0455922
0.0222351
0.0106045
0.00509298
0.0025969
0.0016439
0.00183082
0.00830384
0.0176161
0.0133355
0.0169169
0.0224485
0.0223882
0.0248829
0.0259063
0.0241031
0.0202222
0.0126346
0.00423384
0.00459919
0.0150918
0.0405474
0.0391671
0.0195065
0.00866511
0.00388503
0.00246996
0.00157148
0.00410318
0.00737415
0.0169738
0.00840409
0.0139493
0.0205296
0.0175124
0.0216475
0.0226121
0.0203319
0.0155165
0.00842948
0.00082764
0.00763841
0.0192125
0.150331
0.0482567
0.00952764
0.0131444
0.0196299
0.0100206
0.0208447
0.0302179
0.0249428
0.0314776
0.0306458
0.0262906
0.0185712
0.00903516
0.00112222
0.0120241
0.027423
0.150919
0.0492892
0.0114675
0.00965263
0.0154093
0.00941532
0.0130101
0.0264181
0.0233571
0.0286429
0.0324816
0.0294465
0.0246745
0.0160464
0.0062269
0.00403703
0.0155079
0.036929
0.0522502
0.0259527
0.0137455
0.00729801
0.00324929
0.00158307
0.000980828
0.0066377
0.024136
0.045983
0.0233341
0.0279595
0.0342256
0.0333101
0.0340845
0.0329994
0.0285864
0.0207446
0.0105403
0.000567094
0.0117945
0.0265665
0.3079
0.0955001
0.0159771
0.0312321
0.044024
0.0331065
0.0552596
0.0637039
0.0611179
0.0586489
0.0496179
0.0361276
0.0191552
0.00145042
0.0165087
0.0360336
0.221644
0.0765477
0.0290089
0.0129825
0.0127502
0.0150605
0.0151647
0.0249422
0.0343926
0.0378242
0.0429946
0.0420151
0.0367346
0.0280241
0.01601
0.00308192
0.0102139
0.0253123
0.0847695
0.0445296
0.0261711
0.0144468
0.00735875
0.0027286
0.00274119
0.00213992
0.0159069
0.0104227
0.0143324
0.0270757
0.0252389
0.0291998
0.0344067
0.0328627
0.0296531
0.0233934
0.0136662
0.00316922
0.00777304
0.0206581
0.0657175
0.0384723
0.0212764
0.0105034
0.00494295
0.00247248
0.00172169
0.00218811
0.0124314
0.0210213
0.0114738
0.0227662
0.0276812
0.0247827
0.0304865
0.0304725
0.0273551
0.0221618
0.0132347
0.00354421
0.00654764
0.0185137
0.0548314
0.0375278
0.0204052
0.00987224
0.00456176
0.00243089
0.00141008
0.00280618
0.0106338
0.025973
0.00844981
0.0195568
0.0262147
0.019794
0.027358
0.0281335
0.0250194
0.0208091
0.0126199
0.00367404
0.00562687
0.0168131
0.0485019
0.0369657
0.0192612
0.00873513
0.00390614
0.00244623
0.00143715
0.00423073
0.00844235
0.0220678
0.010232
0.0161528
0.0232595
0.020398
0.0238323
0.0244542
0.0218109
0.0164427
0.00879001
0.00066272
0.00843706
0.0206314
0.200099
0.062722
0.0112585
0.0197473
0.0281292
0.0165007
0.0333203
0.041555
0.0377712
0.0406536
0.0364605
0.0288787
0.0174724
0.0051038
0.00762377
0.021719
0.0556851
0.0460548
0.0285522
0.0177431
0.0105998
0.00530203
0.00103592
0.00221137
0.00141888
0.0608206
0.0209114
0.0266314
0.0359978
0.0367568
0.0414048
0.0444835
0.0431807
0.038967
0.0316182
0.0196617
0.00666146
0.00665877
0.0210298
0.0490907
0.0521778
0.0319619
0.0209338
0.0134711
0.00719824
0.00206354
0.00214211
0.00198288
0.024458
0.0173858
0.0145973
0.02846
0.0293591
0.02947
0.0348545
0.0338891
0.0303984
0.0243664
0.0144998
0.00384123
0.00720207
0.019996
0.0575315
0.0399429
0.0229079
0.0122368
0.00613273
0.0027685
0.00136588
0.000743213
0.0100606
0.0316491
0.0721158
0.0345741
0.0338263
0.0423696
0.042482
0.0422499
0.0409423
0.0355157
0.0265229
0.0144585
0.00172659
0.011554
0.0270007
0.134272
0.0506188
0.0214347
0.00867453
0.00731708
0.00766014
0.00438309
0.00860813
0.0153157
0.00678249
0.0231492
0.0301826
0.0227283
0.0282931
0.0243169
0.0173386
0.00870004
0.000890898
0.0111203
0.0255127
0.173277
0.0550289
0.010257
0.0138675
0.020909
0.0110721
0.0231211
0.0337728
0.0288191
0.0359032
0.0350078
0.0300663
0.021957
0.011431
0.000367516
0.0117811
0.0262744
0.490612
0.152086
0.0294522
0.059111
0.0793955
0.0754884
0.0983297
0.103758
0.0976045
0.0852285
0.0660413
0.0411067
0.0140137
0.0129379
0.0392067
0.0764128
0.0883465
0.069416
0.0582419
0.0465727
0.0326031
0.018504
0.00491519
0.00669241
0.0133987
0.0116164
0.0125426
0.034568
0.0341822
0.0382746
0.0465757
0.042995
0.0366566
0.0263884
0.0134006
0.000384603
0.0146377
0.031115
0.576024
0.178431
0.0328801
0.067044
0.0909633
0.0887675
0.114333
0.120478
0.113572
0.0990025
0.0767314
0.0481193
0.0170225
0.0138316
0.0435178
0.0821306
0.100149
0.0804034
0.0691922
0.0564177
0.0406773
0.0241475
0.00799704
0.00636834
0.0161869
0.00826603
0.00844918
0.0401514
0.0315107
0.0339006
0.0520355
0.0476536
0.0410901
0.0310236
0.0174188
0.00286809
0.0119597
0.028542
0.102126
0.0494105
0.0291446
0.0164728
0.00847388
0.00282002
0.00393575
0.00397223
0.0186594
0.00621192
0.00622612
0.0287623
0.018804
0.0194773
0.0346939
0.0315921
0.027844
0.021655
0.0122935
0.00213535
0.00852151
0.0215342
0.0875596
0.0385717
0.0179942
0.00688998
0.00466097
0.00442597
0.00201825
0.000838685
0.00403069
0.0185741
0.0789399
0.0313557
0.0348506
0.0441821
0.0436099
0.0431309
0.041246
0.0353502
0.0257064
0.0132529
0.000580703
0.0135512
0.0296785
0.37041
0.114866
0.0188419
0.0354236
0.0509107
0.0417391
0.0653748
0.0750236
0.072907
0.0688627
0.0579159
0.0420502
0.0223404
0.0018476
0.0186808
0.0403318
0.210365
0.0777982
0.0372664
0.0191596
0.00976944
0.00945256
0.0149247
0.0139077
0.0216496
0.0355333
0.0374977
0.0419011
0.0414136
0.0357966
0.0267478
0.0146695
0.00178882
0.0115254
