
Objective value: 
2100
5618.03
9886.41
12275.6
14024.9
15505.5
16773
17701.2
18175.4
18165
17492.3
16308.6
14921.4
13666.4
12762.2
12312.6
12308.1
12652.7
13200.2
13794.4
14297.8
14621.2
14728.6
14634.4
14390.5
14068.3
13740.4
13466
13282
13199.7
13208
13279.8
13380.5
13476.9
13543
13564.4
13538.4
13472.2
13379.8
13277.6
13180.5
13099.5
13040.2
13002.8
12983
12973.9
12951.4
12895.5
12841.7
12805.9
12792.6
12799.6
12823
12859.1
12904.2
12952.7
13001.1
13045.4
13082.2
13109
13124.4
13128.2
13121
13104.4
13081.2
13052.6
13021.8
12991.8
12965
12943.2
12927.9
12920
12919.3
12925.5
12937.5
12957.7
12975.6
12994.5
13012.5
13027.9
13039.6
13046.9
13049.6
13048.1
13042.7
13034.5
13024.6
13012.7
13000.7
12989.7
12980.5
12973.5
12969.3
12968.1
12969.6
12973.6
12980.1
12987.4
12994.9
13002.1
13008.6
13013.7
13017.2
13019
13019
13017.5
13014.9
13027.7
13019.4
13013
13007.2
13001.1
12995
12989.6
12985.4
12982.8
12981.9
12982.6
12984.8
12988.5
12992.9
12997
13001.1
13004.7
13007.5
13009.5
13010.4
13010.5
13009.7
13008.3
13019.9
13014.4
13010.3
13006.7
13002.7
12998.5
12994.5
12991.2
12989
12987.9
12987.9
12988.9
12990.9
13010.9
13009.8
13010.8
13011.9
13011.9
13010.6
13008.5
13005.7
13002.6
12999.6
12996.8
12994.4
12992.7
12991.7
12991.5
12992
12993.3
12995.9
12997.9
12999.8
13001.5
13002.9
13003.9
13004.5
13004.6
13004.4
13003.9
13003.9
13003.1
13001.9
13001.1
12999.8
12998.6
12997.6
12996.8
12996.3
12996.2
12996.5
12997.1
12998.6
12999.6
13000.3
13000.9
13001.4
13001.7
13001.8
13001.7
13001.6
13001.7
13002.3
13001.8
13001.7
13001
13000.3
12999.8
12999.1
12998.5
12998
12997.8
12997.7
12997.9
12998.3
12999.8
13000.3
13000.6
13000.8
13001
13001
13001
13001
13001.3
13001.7
13003.1
13002.3
13001.6
13001
13000.3
12999.5
12998.8
12998.2
12997.7
12997.5
12997.5
12997.8
12998.4
13002.9
13002.6
13002.6
13002.7
13002.5
13002.4
13001.9
13001.2
13000.5
12999.7
12999
12998.3
12997.8
12997.6
12997.5
12997.7
12998.2
13000.1
13000.5
13000.9
13001.1
13001.3
13001.3
13001.2
13001.3
13001.6
13001.5
13002.6
13001.8
13001.6
13000.8
13000.1
12999.5
12998.8
12998.2
12997.8
12997.6
12997.7
12997.9
12998.6
13001
13001.1
13001.3
13001.5
13001.6
13001.5
13001.5
13001.4
13001.1
13001.2
13000.8
13000.3
13000.3
12999.7
12999.2
12998.8
12998.5
12998.3
12998.3
12998.5
12998.9
13002.8
13002.4
13002.4
13002.3
13002.1
13002
13001.4
13000.7
13000.1
12999.4
12998.8
12998.2
12997.9
12997.7
12997.8
12998.1
12998.8
13000.2
13000.5
13000.8
13001
13001.1
13001.1
13001.1
13001.1
13001.6
13001.7
13001.6
13001
13000.6
13000.5
12999.8
12999.2
12998.8
12998.4
12998.2
12998.1
12998.3
12998.6
12999.9
13000.3
13000.6
13000.7
13000.8
13000.9
13000.9
13001
13001.1
13001.6
13001.3
13001
13000.5
13000.2
12999.7
12999.2
12998.7
12998.4
12998.3
12998.3
12998.5
12998.9
13006
13004.9
13004.5
13004.2
13003.5
13002.9
13001.6
13000.2
12999
12997.9
12997
12996.4
12996.2
12996.3
12996.8
12997.8
12999.4
13000.1
13000.7
13001.3
13001.7
13001.8
13001.8
13001.7
13001.7
13007.3
13005.7
13004.9
13003.7
13002.4
13001.1
12999.4
12997.9
12996.7
12995.8
12995.4
12995.4
12995.8
12996.6
13002.7
13002.7
13003.2
13003.6
13003.7
13003.5
13003.1
13002.5
13001.6
13000.7
12999.7
12998.7
12997.9
12997.3
12997
12996.9
12997.1
12997.7
12999.6
13000.2
13000.7
13001.1
13001.4
13001.5
13001.5
13001.4
13001.5
13002.1
13001.7
13001.6
13000.9
13000.4
13000
12999.3
12998.7
12998.2
12998
12997.9
12998
12998.3
12999.3
13000
13000.3
13000.6
13000.8
13000.9
13000.9
13000.9
13001
13001.9
13002.4
13002
13001.4
13000.9
13000.4
12999.7
12999
12998.5
12998.1
12997.8
12997.8
12998
12998.5
13001.7
13001.7
13001.8
13001.9
13001.9
13001.8
13001.7
13001.2
13000.7
13000.4
12999.7
12999.2
12998.7
12998.3
12998.1
12998.1
12998.2
12998.6
13000.4
13000.7
13000.9
13001
13001.1
13001.1
13001.1
13001.1
13001
13001.4
13002.8
13002.2
13001.5
13000.9
13000.3
12999.6
12998.8
12998.2
12997.8
12997.6
12997.6
12997.9
12998.5
13002.6
13002.4
13002.4
13002.5
13002.3
13002.2
13001.8
13001.1
13000.5
12999.8
12999.1
12998.5
12998
12997.7
12997.7
12997.8
12998.2
12999.5
13000.1
13000.5
13000.7
13000.9
13001
13001
13001
13001.1
13002.2
13002.3
13001.9
13001.3
13000.8
13000.2
12999.5
12998.9
12998.3
12998
12997.8
12997.8
12998.1
12998.7
13001
13001.1
13001.3
13001.5
13001.5
13001.5
13001.5
13001.2
13001
13001.4
13000.8
13000.2
12999.8
12999.3
12998.8
12998.4
12998.2
12998.2
12998.3
12998.7
12999.9
13000.4
13000.6
13000.7
13000.8
13000.8
13000.9
13001
13001.1
13001.6
13001.3
13001
13000.5
13000.1
12999.7
12999.2
12998.8
12998.5
12998.3
12998.3
12998.5
12999
13004.2
13003.5
13003.3
13003.1
13002.7
13002.4
13001.5
13000.5
12999.6
12998.7
12997.9
12997.4
12997.1
12997.1
12997.3
12997.9
13001.6
13001.7
13002
13002.2
13002.2
13002.1
13002
13001.6
13001.1
13000.6
13000
12999.3
12998.7
12998.3
12998
12997.8
12997.9
12998.2
12999
13000
13000.3
13000.6
13000.8
13000.9
13000.9
13000.9
13001
13001.7
13001.9
13001.9
13001.3
13000.8
13000.6
13000
12999.3
12998.8
12998.4
12998.1
12998
12998.1
12998.4
12999.2
13000.1
13000.3
13000.6
13000.7
13000.8
13000.8
13000.8
13001
13001.6
13002.3
13001.8
13001.3
13000.8
13000.3
12999.6
12999
12998.5
12998.1
12998
12998
12998.2
12998.7
13006
13005
13004.6
13004.3
13003.7
13003.1
13001.8
13000.5
12999.2
12998
12997.1
12996.4
12996.1
12996.2
12996.6
12997.5
13000.5
13000.9
13001.5
13002
13002.3
13002.3
13002.1
13002
13002.6
13002
13001.4
13000.7
13000
12999.2
12998.5
12998
12997.6
12997.5
12997.6
12998
12998.9
12999.8
13000.2
13000.6
13000.9
13001
13001.1
13001
13001
13001.5
13001.8
13002.1
13001.4
13001
13000.5
12999.9
12999.2
12998.7
12998.2
12998
12997.9
12998.1
12998.4
12999.5
13000.1
13000.4
13000.7
13000.8
13000.9
13000.9
13000.9
13001.1
13001.8
13003.2
13002.4
13001.8
13001.2
13000.5
12999.8
12999
12998.3
12997.8
12997.5
12997.5
12997.7
12998.2
13000.2
13000.6
13000.9
13001.2
13001.3
13001.3
13001.3
13001.3
13001.5
13001.4
13002.5
13001.8
13001.5
13000.7
13000.1
12999.5
12998.8
12998.2
12997.9
12997.7
12997.8
12998
12998.7
13000.4
13000.6
13000.9
13001.1
13001.2
13001.2
13001.2
13001.3
13001.5
13001.4
13001.4
13000.9
13000.8
13000.9
13000.2
12999.7
12999.6
12999
12998.7
12998.5
12998.4
12998.4
12998.7
12999.3
13000.3
13000.4
13000.6
13000.7
13000.7
13000.7
13000.8
13000.9
13001.1
13001
13000.8
13000.5
13000.4
13000.1
12999.6
12999.3
12998.9
12998.7
12998.6
12998.6
12998.8
12999.2
13002.8
13002.4
13002.2
13002.1
13001.9
13001.8
13001.2
13000.5
13000
12999.3
12998.7
12998.2
12997.9
12997.8
12997.9
12998.3
12999.1
13000
13000.3
13000.6
13000.8
13000.9
13000.9
13000.9
13000.9
13001.8
13002
13002
13001.4
13000.9
13000.7
13000
12999.3
12998.8
12998.3
12998
12997.9
12998
12998.3
12999.1
13000
13000.3
13000.6
13000.8
13000.9
13000.9
13000.9
13000.9
13001.7
13002
13001.8
13001.2
13000.8
13000.4
12999.8
12999.2
12998.7
12998.3
12998
12998
12998.2
12998.6
13000.2
13000.5
13000.8
13000.9
13001
13001
13001
13001.1
13001.1
13001.5
13001.4
13001.3
13000.8
13000.5
13000.4
12999.8
12999.2
12998.9
12998.5
12998.3
12998.3
12998.4
12998.7
13000.1
13000.5
13000.7
13000.8
13000.9
13000.9
13000.9
13001
13001
13001.1
13001
13001.2
13000.8
13000.5
13000.1
12999.6
12999.2
12998.8
12998.5
12998.4
12998.4
12998.6
12999
13002.4
13002.1
13002.1
13002
13001.8
13001.8
13001.3
13000.7
13000.2
12999.6
12999
12998.5
12998.1
12998
12998
12998.2
12998.7
13007.1
13005.8
13005.3
13005
13004.2
13003.4
13001.9
13000.3
12998.9
12997.6
12996.5
12995.9
12995.6
12995.7
12996.3
12997.3
12999.1
12999.9
13000.7
13001.4
13001.9
13002.1
13002.2
13002.1
13001.9
13003.3
13002.7
13002.1
13001.2
13000.5
12999.6
12998.8
12998.1
12997.5
12997.3
12997.2
12997.5
12998
13001.3
13001.4
13001.7
13001.9
13002
13001.9
13001.8
13001.6
13001.2
13000.8
13000.3
12999.6
12999.1
12998.6
12998.2
12998
12998
12998.2
12998.7
13002.7
13002.4
13002.4
13002.4
13002.2
13002.1
13001.6
13000.9
13000.2
12999.5
12998.9
12998.3
12997.9
12997.7
12997.7
12998
12998.5
13003.7
13003.2
13003.1
13003.1
13002.8
13002.6
13001.9
13000.9
13000.1
12999.2
12998.4
12997.8
12997.3
12997.2
12997.3
12997.7
12998.5
12999.7
13000.2
13000.7
13001
13001.2
13001.3
13001.3
13001.2
13001.4
13001.9
13001.6
13001.2
13000.7
13000.3
12999.7
12999.1
12998.6
12998.3
12998.1
12998.1
12998.3
12998.7
13001.7
13001.7
13001.8
13001.8
13001.7
13001.6
13001.5
13001
13000.5
13000.1
12999.5
12999
12998.6
12998.3
12998.1
12998.2
12998.4
12998.9
13001.1
13001.2
13001.3
13001.4
13001.3
13001.3
13001.3
13001
13000.8
13001.7
13001
13000.4
12999.9
12999.4
12998.9
12998.5
12998.3
12998.2
12998.3
12998.5
12999.3
13000.1
13000.3
13000.5
13000.7
13000.7
13000.8
13000.8
13000.9
13001.4
13002.8
13002.1
13001.6
13001
13000.5
12999.8
12999.1
12998.5
12998.1
12997.8
12997.8
12997.9
12998.4
13000
13000.4
13000.7
13000.9
13001.1
13001.1
13001.1
13001.1
13001.4
13001.5
13002.4
13001.7
13001.3
13000.7
13000
12999.4
12998.8
12998.3
12997.9
12997.8
12997.9
12998.2
12998.9
13000
13000.3
13000.6
13000.8
13001
13001
13001
13001
13001.7
13001.8
13002
13001.4
13001
13000.5
12999.9
12999.2
12998.7
12998.2
12998
12997.9
12998.1
12998.4
12999.5
13000.1
13000.4
13000.7
13000.8
13000.9
13000.9
13000.9
13001.1
13001.8
13003
13002.3
13001.7
13001.1
13000.4
12999.7
12999
12998.3
12997.9
12997.6
12997.6
12997.8
12998.3
13001.3
13001.4
13001.6
13001.8
13001.8
13001.7
13001.6
13001.3
13001
13000.9
13000.3
12999.7
12999.3
12998.8
12998.4
12998.2
12998.2
12998.3
12998.7
12999.9
13000.3
13000.6
13000.7
13000.8
13000.8
13000.8
13000.9
13001.1
13001.6
13001.3
13001
13000.5
13000.1
12999.7
12999.2
12998.8
12998.5
12998.3
12998.3
12998.5
12999
13005
13004.2
13003.8
13003.6
13003.1
13002.6
13001.5
13000.3
12999.3
12998.3
12997.5
12997
12996.7
12996.8
12997.1
12997.9
13000.5
13000.8
13001.3
13001.7
13001.9
13001.9
13001.8
13001.7
13002.2
13001.7
13001.3
13000.7
13000.1
12999.4
12998.8
12998.3
12998
12997.8
12997.9
12998.2
12998.8
13000.2
13000.5
13000.7
13001
13001.1
13001.1
13001
13001.1
13001.6
13001.6
13001.5
13001
13000.6
13000.6
12999.9
12999.4
12999
12998.6
12998.3
12998.2
12998.3
12998.6
12999.3
13000.2
13000.4
13000.6
13000.7
13000.8
13000.8
13000.8
13001
13001.3
13002.2
13001.6
13001.1
13000.7
13000.2
12999.6
12999
12998.6
12998.2
12998.1
12998.1
12998.3
12998.9
13001.4
13001.4
13001.5
13001.6
13001.5
13001.5
13001.4
13001
13000.7
13000.7
13000.1
12999.6
12999.2
12998.8
12998.5
12998.4
12998.4
12998.6
12999
13006.9
13005.6
13005.1
13004.7
13003.9
13003
13001.5
13000
12998.6
12997.4
12996.5
12995.9
12995.8
12996
12996.5
12997.8
12999.1
12999.9
13000.7
13001.4
13001.8
13002
13002
13001.9
13001.8
13003.3
13002.7
13002.1
13001.3
13000.6
12999.7
12998.9
12998.2
12997.6
12997.3
12997.3
12997.5
12998
12999.9
13000.4
13000.8
13001.1
13001.3
13001.4
13001.3
13001.3
13001.6
13001.7
13001.5
13001
13000.7
13000.3
12999.7
12999.1
12998.7
12998.3
12998.1
12998.1
12998.3
12998.7
13001.9
13001.8
13001.9
13001.9
13001.8
13001.7
13001.5
13000.9
13000.4
12999.9
12999.4
12998.8
12998.4
12998.2
12998.1
12998.2
12998.5
12999.3
13000
13000.3
13000.5
13000.7
13000.8
13000.8
13000.8
13000.9
13001.6
13002.5
13001.9
13001.4
13000.9
13000.3
12999.7
12999.1
12998.5
12998.1
12997.9
12997.9
12998.1
12998.6
13001.6
13001.6
13001.7
13001.8
13001.8
13001.7
13001.6
13001.1
13000.7
13000.5
12999.8
12999.3
12998.8
12998.4
12998.2
12998.2
12998.3
12998.6
12999.6
13000.2
13000.4
13000.6
13000.7
13000.8
13000.8
13000.8
13001
13001.6
13001.6
13001.2
13000.7
13000.4
12999.9
12999.4
12998.9
12998.6
12998.3
12998.3
12998.4
12998.7
12999.5
13000.1
13000.4
13000.5
13000.7
13000.7
13000.7
13000.8
13000.9
13001.4
13001.6
13001.2
13000.8
13000.4
13000
12999.5
12999
12998.6
12998.4
12998.3
12998.4
12998.7
12999.4
13000.1
13000.4
13000.5
13000.7
13000.7
13000.7
13000.7
13000.9
13001.3
13001.6
13001.2
13000.8
13000.4
13000
12999.5
12999
12998.6
12998.4
12998.3
12998.4
12998.7
12999.4
13000.1
13000.4
13000.5
13000.6
13000.7
13000.7
13000.7
13000.9
13001.2
13001.4
13001
13000.7
13000.3
12999.9
12999.5
12999
12998.7
12998.5
12998.4
12998.5
12998.8
12999.5
13000.2
13000.4
13000.5
13000.6
13000.6
13000.7
13000.7
13000.9
13001.2
13001
13000.7
13000.4
13000.2
12999.8
12999.4
12999
12998.7
12998.6
12998.6
12998.7
12999.1
13002.1
13001.9
13001.8
13001.8
13001.6
13001.6
13001.1
13000.6
13000.2
12999.6
12999.1
12998.6
12998.3
12998.2
12998.2
12998.4
12998.9
13001.9
13001.7
13001.8
13001.8
13001.7
13001.7
13001.4
13000.9
13000.5
13000
12999.4
12998.9
12998.5
12998.2
12998.1
12998.2
12998.5
12999.2
13000.1
13000.4
13000.6
13000.7
13000.8
13000.8
13000.8
13000.9
13001.4
13002.3
13001.8
13001.2
13000.7
13000.2
12999.6
12999.1
12998.6
12998.2
12998
12998
12998.2
12998.7
13004.9
13004.1
13003.9
13003.7
13003.2
13002.8
13001.7
13000.6
12999.5
12998.5
12997.7
12997.1
12996.7
12996.7
12997
12997.6
13002
13002.1
13002.4
13002.6
13002.7
13002.5
13002.3
13001.8
13001.1
13000.5
12999.7
12999
12998.4
12997.9
12997.6
12997.6
12997.8
12998.2
12999.9
13000.3
13000.7
13001
13001.1
13001.2
13001.1
13001.1
13001.5
13001.6
13001.8
13001.2
13000.9
13000.4
12999.8
12999.2
12998.7
12998.3
12998.1
12998.1
12998.2
12998.6
12999.8
13000.3
13000.5
13000.7
13000.9
13000.9
13000.9
13000.9
13001.2
13001.6
13001.7
13001.2
13000.7
13000.4
12999.9
12999.3
12998.9
12998.5
12998.3
12998.2
12998.3
12998.7
12999.7
13000.2
13000.4
13000.6
13000.7
13000.8
13000.8
13000.8
13001
13001.5
13001.4
13001
13000.6
13000.4
12999.9
12999.4
12999
12998.6
12998.4
12998.3
12998.4
12998.7
12999.7
13000.2
13000.4
13000.6
13000.7
13000.7
13000.7
13000.8
13000.9
13001.4
13001.1
13000.8
13000.5
13000.2
12999.7
12999.3
12998.9
12998.7
12998.5
12998.5
12998.7
12999
13003
13002.6
13002.5
13002.4
13002.1
13001.9
13001.3
13000.5
12999.9
12999.2
12998.5
12998.1
12997.8
12997.7
12997.8
12998.2
12999.3
12999.9
13000.3
13000.6
13000.8
13001
13001
13001
13001
13002.2
13002.2
13002.7
13001.9
13001.3
13000.7
13000
12999.2
12998.5
12998
12997.7
12997.6
12997.7
12998.1
12999
12999.8
13000.2
13000.6
13000.9
13001
13001
13001
13001
13001.5
13001.7
13001.9
13001.3
13000.9
13000.5
12999.9
12999.3
12998.7
12998.3
12998.1
12998
12998.2
12998.5
12999.6
13000.1
13000.4
13000.7
13000.8
13000.8
13000.8
13000.9
13001.1
13001.7
13003
13002.3
13001.7
13001.1
13000.4
12999.7
12999
12998.4
12997.9
12997.7
12997.7
12997.9
12998.3
13001
13001.1
13001.4
13001.6
13001.6
13001.6
13001.5
13001.3
13001
13001
13000.5
13000
12999.6
12999.1
12998.7
12998.4
12998.3
12998.3
12998.5
12999
13002.4
13002.1
13002.1
13002.1
13001.9
13001.8
13001.4
13000.7
13000.3
12999.6
12999
12998.5
12998.2
12998
12998
12998.2
12998.6
13008.5
13006.8
13006.2
13005.8
13004.8
13003.7
13001.9
13000.1
12998.4
12997
12995.9
12995.2
12994.9
12995.2
12995.8
12997.2
12998.7
12999.7
13000.7
13001.6
13002.1
13002.5
13002.6
13002.4
13002.2
13002.5
13002.2
13001.5
13001
13000.3
12999.5
12998.8
12998.2
12997.7
12997.5
12997.5
12997.8
12998.3
13009.8
13007.9
13007.2
13006.8
13005.7
13004.4
13002.3
13000.2
12998.3
12996.6
12995.3
12994.5
12994.2
12994.4
12995.2
12996.7
12998.3
12999.6
13000.7
13001.7
13002.4
13002.9
13003
13002.9
13002.6
13002.6
13002.4
13001.6
13001.2
13000.6
12999.7
12998.9
12998.2
12997.7
12997.4
12997.3
12997.5
12998
13000
13000.4
13000.8
13001.2
13001.3
13001.4
13001.3
13001.3
13001.7
13001.6
13001.5
13000.9
13000.7
13000.4
12999.7
12999.2
12998.7
12998.4
12998.2
12998.2
12998.3
12998.7
13000.4
13000.6
13000.8
13001
13001
13001
13001.1
13001.1
13001
13001.4
13002.9
13002.3
13001.6
13001
13000.3
12999.6
12998.9
12998.3
12997.9
12997.6
12997.6
12997.9
12998.4
13005.7
13004.8
13004.5
13004.3
13003.8
13003.3
13002.1
13000.7
12999.5
12998.3
12997.4
12996.7
12996.3
12996.3
12996.6
12997.3
13001.3
13001.6
13002
13002.5
13002.6
13002.5
13002.3
13002.1
13001.7
13001
13000.4
12999.7
12999
12998.4
12997.9
12997.7
12997.7
12997.9
12998.3
