
Dual Tolerance: 
1
85.7318
157.164
187.653
160.403
114.928
55.7703
6.85135
49.67
76.7851
83.2689
71.6698
48.337
20.5281
9.27937
27.562
37.9279
38.8876
32.007
20.5116
8.69799
8.37143
15.3992
19.0353
18.5741
14.948
9.90094
6.29497
7.15496
9.46614
10.5359
10.0171
8.44319
6.79027
6.09899
6.4866
7.09442
7.31078
7.05755
6.5752
6.19511
6.10198
6.22026
6.35441
6.38023
6.2975
6.18181
6.10892
6.10221
6.13298
6.15912
6.15859
6.13653
6.11172
6.09892
6.10008
6.10741
6.11209
6.11061
6.10518
6.1001
6.09804
4.78081
2.92954
0.879441
0.985749
2.24209
2.81192
2.69978
2.06671
1.15152
0.201167
0.622721
1.14158
1.31934
1.21662
0.887314
0.447504
0.0563535
0.357771
0.571635
0.655951
0.540844
0.362412
0.148106
0.0522079
0.200809
0.277884
0.280562
0.239563
0.15457
0.0572154
0.0402467
0.104506
0.140385
0.1399
0.102965
0.0574863
0.0127741
0.0294026
0.0534671
0.0634934
0.0590932
0.0489492
0.0317462
0.0157257
0.0161365
0.0274627
0.0367273
0.0321277
0.0190224
0.00814779
0.00551964
0.00936155
0.0136068
0.0157024
0.0124835
0.0135207
0.0112158
0.0074161
0.00522547
0.00730433
0.0120693
0.0146306
0.00530174
0.00450287
0.00706231
0.00320403
0.00349281
0.00469161
0.00222338
0.00153365
0.002076
0.00854287
0.0113155
0.00149526
0.0118323
0.00965308
0.0132761
0.0119823
0.00827092
0.00640931
0.00227826
0.00459885
0.0103569
0.0283489
0.0046858
0.010115
0.0129609
