
Objective value: 
2100
5618.03
9984.7
13685
16330.9
17594.2
17486.2
16294.1
14469.7
12486.4
10775.1
9613.67
9117.04
9244.13
9837.31
10677.2
11540.7
12240.7
12663.1
12771.7
12600.2
12231.9
11772.3
11323.9
10966.8
10746.9
10673.3
10724.2
10857.1
11021.7
11171.3
11271.4
11304.6
11270.2
11181.4
11059.3
10927.7
10807.3
10712.6
10650
10618.2
10610.1
10615.1
10622.2
10622.2
10609
10580.6
10538.3
10486
10428.6
10371.4
10318.2
10271.6
10232.1
10198.9
10169.8
10142.5
10114.8
10084.7
10051.4
10014.8
9975.49
9948.52
9937.19
9940.71
9955.44
9976.57
9998.1
10015.4
10026
10029.2
10026
10018.3
10009.5
9999.81
9991.89
9987.06
9985.73
9987.55
9991.62
9998.4
10002.6
10005.3
10006.2
10005.7
10004.2
10002.4
10001.1
9999.16
9997.63
9996.77
9996.73
9997.4
9998.76
10000.3
10001
10001.3
10001.2
10000.8
10000.5
10000.9
10000.5
9999.9
9999.32
9998.93
9998.84
9999.06
9999.62
10000.1
10000.3
10000.2
10000.1
10000
10000.1
10000.3
10000.2
9999.91
9999.64
9999.46
9999.41
9999.5
9999.76
10000.1
10000.2
10000.1
9999.93
9999.87
9999.83
9999.74
9999.75
9999.78
9999.83
10000
10000.3
10000.3
10000
9999.8
10000.1
9999.83
9999.63
9999.47
9999.41
9999.53
9999.78
10000.5
10000.6
10000.4
10000
10000
