
Primal Tolerance: 
116.619
95.0856
62.1356
20.9488
15.0057
40.1989
52.4512
51.7685
40.866
24.0077
5.65821
10.1293
20.7304
25.0642
23.5179
17.5778
9.31171
0.822611
6.12433
10.4552
11.8267
10.5585
7.43336
3.44797
0.43139
3.44978
5.17521
5.5208
4.693
3.09188
1.1916
0.566494
1.85862
2.51962
2.54385
2.05449
1.25214
0.359634
0.426833
0.971273
1.21318
1.16441
0.89267
0.496966
0.0813431
0.266971
0.491698
0.572564
0.522394
0.377464
0.185669
0.00531036
0.157474
0.248183
0.271589
0.236348
0.161253
0.0693168
0.0176816
0.0833067
0.118696
0.122828
1.02039
1.65517
1.83673
1.62092
1.12598
0.504416
0.110193
0.557881
0.811899
0.853017
0.715657
0.463485
0.174006
0.103783
0.296481
0.39427
0.394277
0.315656
0.189794
0.0445349
0.075426
0.155824
0.18866
0.177133
0.13261
0.0711006
0.0120122
0.0442034
0.077931
0.0898797
0.0816214
0.0586227
0.0275098
0.00363732
0.0262542
0.0388998
0.041064
0.0346837
0.0228494
0.011802
0.0060675
0.013333
0.0191075
0.0206847
0.0181214
0.0123771
0.00431242
0.00314774
0.00736572
0.00894398
0.00842011
0.006436
0.00377011
0.00298346
0.00259617
0.00362221
0.0052186
0.00610597
0.00597886
0.00466317
0.00216041
0.00142662
0.00257534
0.00213364
0.00181471
0.00161119
0.00160955
0.00236927
0.00230994
0.00218442
0.00178783
0.0008222
0.00288333
0.00296073
0.000363276
0.00181995
0.0012314
0.00156078
0.00335714
0.00476334
0.00524454
0.00423091
0.00193931
0.00437091
0.00541105
0.0031628
0.000290204
