
Dual Residual: 
1
0.219933
0.297361
0.276999
0.211292
0.149259
0.132172
0.14524
0.147847
0.128656
0.0958638
0.0654588
0.053377
0.0576006
0.0636677
0.0668399
0.0679499
0.0674831
0.064684
0.059165
0.0520827
0.0459924
0.0433577
0.0443828
0.047023
0.0491578
0.049673
0.0482955
0.0452454
0.0410764
0.0366677
0.0331922
0.0317709
0.0327304
0.0352907
0.0382093
0.0404621
0.0414393
0.040898
0.0388844
0.0356806
0.0317754
0.0278452
0.024701
0.0230772
0.0232152
0.0246716
0.0266994
0.0286947
0.030333
0.0315207
0.0323069
0.0328022
0.0331105
0.0332815
0.0332916
0.0330582
0.0324759
0.0314597
0.0299834
0.0281071
0.0259929
0.0239077
0.0221954
0.0211913
0.0210731
0.021747
0.0228927
0.024121
0.0251013
0.0256115
0.0255433
0.0248931
0.0237545
0.0223136
0.0208409
0.0196666
0.0191093
0.0193553
0.0203659
0.0219118
0.0236939
0.0254433
0.0269586
0.0281057
0.028807
0.0290285
0.0287707
0.0280603
0.0269439
0.0254842
0.0237567
0.0218486
0.0198598
0.0179043
0.016111
0.0146195
0.0135614
0.013023
0.0130031
0.0134064
0.0140819
0.0148763
0.0156655
0.0163622
0.0169116
0.0172839
0.0174681
0.0174672
0.0172943
0.0169704
0.0165217
0.0159795
0.0153783
0.0147564
0.0141546
0.0136154
0.0131804
0.0128864
0.0127601
0.0128131
0.013039
0.0134147
0.0139042
0.0144647
0.0150507
0.0156183
0.0161267
0.0165397
0.0168265
0.0169624
0.0169296
0.0167183
0.016328
0.0157683
0.0150604
0.0142389
0.0133526
0.0124657
0.0116566
0.0110117
0.0106115
0.0105073
0.0107021
0.0111478
0.0117635
0.0124603
0.0131586
0.0137959
0.0143269
0.0147221
0.0149652
0.0150513
0.0149844
0.0147763
0.0144449
0.0140124
0.0135041
0.0129473
0.0123695
0.0117975
0.0112557
0.0107651
0.0103412
0.0099936
0.00972503
0.00953172
0.00940441
0.00933015
0.00929426
0.0092822
0.00928106
0.00928057
0.00927379
0.00925741
0.00923201
0.00920209
0.00917597
0.00916539
0.00918474
0.00924973
0.00937558
0.00957477
0.00985508
0.010218
0.0106586
0.0111655
0.0117232
0.0123127
0.0129138
0.0135061
0.0140702
0.0145881
0.015044
0.0154243
0.0157182
0.0159174
0.0160166
0.0160128
0.0159056
0.0156972
0.0153915
0.0149949
0.0145151
0.0139619
0.0133465
0.0126818
0.0119826
0.0112658
0.0105511
0.00986132
0.00922267
0.00866464
0.00821825
0.00791222
0.00776721
0.00778979
0.00796935
0.00828019
0.00868746
0.00915384
0.00964421
0.010128
0.0105798
0.0109791
0.0113099
0.0115605
0.0117233
0.0117943
0.0117734
0.0116641
0.0114734
0.0112121
0.0108945
0.0105381
0.0101641
0.0097962
0.00945988
0.00918086
0.00898252
0.00888292
0.00889189
0.00900943
0.009226
0.00952474
0.00988474
0.0102841
0.0107021
0.0111207
0.0115251
0.0119033
0.0122467
0.0125491
0.0128065
0.0130169
0.0131799
0.0132959
0.0133662
0.0133926
0.0133771
0.0133213
0.0132266
0.0130942
0.0129242
0.0127166
0.0124705
0.0121848
0.0118577
0.0114876
0.0110726
0.0106113
0.0101025
0.00954566
0.00894114
0.00829011
0.00759493
0.0068593
0.00608865
0.00529081
0.00447761
0.00366869
0.00290164
0.00225913
0.00191752
0.00208121
0.00270424
0.00356767
0.00448372
0.00537334
0.00624212
0.00709212
0.00791479
0.00869914
0.00943757
0.0101251
0.0107587
0.0113361
0.0118566
0.0123197
0.012726
0.0130764
0.0133723
0.0136154
0.0138077
0.0139513
0.0140485
0.0141017
0.0141135
0.0140863
0.0140231
0.0139266
0.0137998
0.013646
0.0134684
0.0132705
0.0130561
0.0128289
0.012593
0.0123522
0.0121106
0.0118721
0.0116403
0.0114186
0.0112099
0.0110163
0.0108393
0.0106797
0.0105372
0.0104106
0.0102978
0.010196
0.0101018
0.0100112
0.00992013
0.00982441
0.00972021
0.00960418
0.00947375
0.00932737
0.00916475
0.00898717
0.00879767
0.0086014
0.00840578
0.0082207
0.00805844
0.00793335
0.00786101
0.00785687
0.00793434
0.0081029
0.0083665
0.00872305
0.0091649
0.00968021
0.0102545
0.0108722
0.0115176
0.0121753
0.012831
0.0134712
0.0140837
0.0146575
0.0151826
0.0156505
0.0160536
0.0163858
0.0166423
0.0168192
0.0169142
0.0169259
0.0168544
0.0167006
0.0164667
0.0161558
0.015772
0.0153202
0.0148063
0.0142365
0.013618
0.0129585
0.0122662
0.01155
0.0108194
0.0100847
0.00935715
0.00864959
0.00797649
0.00735467
0.00680354
0.00634486
0.00600124
0.00579267
0.00573154
0.00581813
0.00603948
0.00637285
0.00679164
0.00727068
0.00778895
0.00833
0.00888124
0.00943299
0.00997777
0.0105098
0.0110247
0.011519
0.0119903
0.012437
0.0128579
0.0132526
0.0136211
0.0139638
0.0142815
0.0145752
0.0148463
0.0150961
0.015326
0.0155374
0.0157314
0.0159092
0.0160712
0.0162178
0.0163487
0.0164634
0.0165607
0.016639
0.0166965
0.0167307
0.016739
0.0167187
0.0166667
0.0165801
0.0164559
0.0162914
0.016084
0.0158315
0.0155319
0.0151838
0.0147861
0.0143383
0.0138404
0.013293
0.0126973
0.0120552
0.0113693
0.0106431
0.00988135
0.00909016
0.00827789
0.00745623
0.00664229
0.00586232
0.00515785
0.00459388
0.00426175
0.00425566
0.00461559
0.00529326
0.00618601
0.00719541
0.0082619
0.00935839
0.0104698
0.0115826
0.0126839
0.0137623
0.014808
0.0158125
0.0167686
0.0176697
0.0185102
0.0192848
0.0199892
0.0206194
0.0211721
0.0216448
0.0220353
0.022342
0.0225643
0.0227019
0.0227553
0.0227255
0.0226144
0.0224243
0.0221584
0.0218205
0.0214149
0.0209466
0.0204212
0.019845
0.0192245
0.018567
0.0178802
0.0171723
0.0164517
0.0157274
0.0150086
0.0143049
0.013626
0.0129818
0.0123824
0.0118375
0.0113565
0.010948
0.0106195
0.0103767
0.010223
0.0101597
0.0101856
0.0102974
0.0104901
0.0107578
0.0110943
0.0114937
0.0119504
0.0124593
0.0130162
0.0136167
0.0142569
0.0149329
0.0156405
0.0163751
0.0171319
0.0179056
0.0186904
0.0194802
0.0202685
0.0210485
0.0218133
0.0225558
0.023269
0.0239459
0.0245796
0.0251635
0.0256914
0.0261573
0.0265558
0.0268816
0.0271303
0.0272979
0.0273808
0.0273762
0.0272816
0.0270954
0.0268164
0.026444
0.0259781
0.0254193
0.0247687
0.0240278
0.0231988
0.0222842
0.0212871
0.020211
0.0190598
0.0178378
0.0165499
0.0152012
0.0137976
0.0123454
0.0108527
0.00932951
0.0077916
0.00626788
0.00482525
0.00364908
0.00321868
0.00405191
0.00592837
0.00826687
0.0104158
0.0123428
0.0142299
0.0161784
0.018148
0.0200947
0.0219886
0.0238174
0.0255719
0.0272445
0.0288283
0.0303174
0.031707
0.0329933
0.0341732
0.0352445
0.0362056
0.0370555
0.037794
0.0384212
0.0389379
0.0393452
0.0396447
0.0398383
0.0399283
0.039917
0.0398072
0.0396016
0.0393032
0.0389149
0.0384399
0.0378812
0.0372417
0.0365247
0.035733
0.0348697
0.0339378
0.0329404
0.0318806
0.0307619
0.0295878
0.0283625
0.0270906
0.025778
0.0244315
0.0230602
0.0216754
0.0202926
0.0189324
0.0176228
0.0164023
0.0153227
0.0144509
0.0138672
0.0136546
0.0138782
0.0145614
0.0156761
0.0171537
0.0189111
0.0208735
0.0229829
0.0251959
0.0274783
0.0298009
0.0321378
0.034466
0.0367644
0.0390141
0.0411975
0.0432986
0.0453024
0.0471949
0.0489635
0.0505962
0.0520822
0.0534118
0.054576
0.0555673
0.0563789
0.0570052
0.0574419
0.0576856
0.0577341
0.0575864
0.0572426
0.0567039
0.0559726
0.0550521
0.0539468
0.0526622
0.0512046
0.0495814
0.0478008
0.0458721
0.0438052
0.0416113
0.0393023
0.0368916
0.0343942
0.0318273
0.0292112
0.0265717
0.0239427
0.0213721
0.0189322
0.0167359
0.0149608
0.0138629
0.0137301
0.014733
0.0167856
0.0195814
0.0227681
0.0261161
0.0295403
0.033019
0.0365314
0.0400466
0.0435331
0.0469643
0.0503192
0.0535806
0.0567339
0.0597666
0.0626678
0.0654279
0.0680381
0.0704908
0.0727789
0.0748959
0.0768358
0.0785929
0.080162
0.081538
0.0827162
0.0836921
0.0844615
0.0850203
0.0853648
0.0854915
0.0853974
0.0850796
0.0845357
0.0837638
0.0827625
0.0815306
0.080068
0.0783748
0.076452
0.0743011
0.0719247
0.0693259
0.0665086
0.063478
0.0602399
0.0568012
0.0531701
0.0493563
0.0453714
0.0412298
0.0369509
0.0325624
0.0281092
0.0236746
0.0194335
0.0157952
0.0136983
0.014598
0.0190913
0.0261972
0.0340467
0.04125
0.0480113
0.0548412
0.0619361
0.0691553
0.0763537
0.0834326
0.0903424
0.097043
0.103499
0.109676
0.115543
0.121072
0.126239
0.131021
0.135398
0.139354
0.142873
0.145943
0.148553
0.150696
0.152367
0.153561
0.154277
0.154517
0.154282
0.153579
0.152412
0.150791
0.148727
0.14623
0.143313
0.139992
0.136283
0.132203
0.12777
0.123004
0.117928
0.112564
0.106936
0.101073
0.0950069
0.202251
1.34886
1.96082
1.72362
1.2809
1.09262
0.855381
0.636799
0.511903
0.512126
0.672491
0.826962
0.811829
0.65248
0.538647
0.520191
0.614346
0.717798
0.718596
0.607042
0.52654
0.520237
0.6099
0.695378
0.696841
0.605825
0.551132
0.55872
0.643584
0.7045
0.703384
0.638671
0.604784
0.605985
0.653371
0.678016
0.675419
0.633012
0.61235
0.607833
0.636699
0.645051
0.641088
0.602446
0.58357
0.570635
0.595439
0.596519
0.596594
0.547642
0.534843
0.519347
0.579808
0.579401
0.598948
0.503121
0.511994
0.483274
0.649962
0.605707
0.673527
0.478406
0.533022
0.450785
0.77619
0.620221
0.807709
0.536016
0.6068
0.434596
0.753788
0.592347
0.937999
0.608364
0.685941
0.477249
0.709956
0.557547
0.891527
0.60392
0.745795
0.512443
0.712496
0.516446
0.82622
0.559945
0.800505
0.511196
0.738737
0.465092
0.815196
0.49867
0.897125
0.516797
0.830884
0.463464
0.812501
0.440041
0.925629
0.503969
0.985718
0.551827
0.852633
0.463486
0.775902
0.424196
0.949466
0.527057
1.03773
0.606995
0.821437
0.460913
0.705884
0.423858
0.960657
0.564007
1.02211
0.628851
0.763803
0.440246
0.679692
0.463002
1.00974
0.607319
0.903263
0.581671
0.709704
0.416668
0.724631
0.507041
1.05735
0.620905
0.804696
0.516662
0.688554
0.418791
0.811286
0.527526
1.02497
0.60414
0.775488
0.468553
0.696588
0.428143
0.910869
0.546459
0.987274
0.598318
0.762518
0.436595
0.695693
0.440133
0.995223
0.578068
0.94416
0.59522
0.726262
0.405638
0.689621
0.466428
1.08062
0.623849
0.864939
0.574441
0.676077
0.390988
0.704025
0.512285
1.10637
0.648576
0.76073
0.51602
0.642309
0.418904
0.776359
0.54358
0.973699
0.586882
0.70541
0.433472
0.680063
0.439804
0.943838
0.554364
0.896429
0.55488
0.713427
0.382773
0.702163
0.433166
1.10794
0.618766
0.907918
0.601298
0.643906
0.334584
0.626539
0.490978
1.29024
0.735343
0.730836
0.57124
0.55514
0.404297
0.628454
0.614022
0.938867
0.595757
0.538309
0.394891
0.621945
0.59669
0.941412
0.603138
0.546659
0.40146
0.60699
0.577603
0.914684
0.594708
0.560874
0.405896
0.603606
0.542829
0.891684
0.575381
0.590863
0.409616
0.609712
0.478649
0.87231
0.542666
0.68259
0.439906
0.635928
0.374235
0.799767
0.470274
0.97783
0.582787
0.743045
0.437628
0.586912
0.324333
0.82507
0.493371
1.15942
0.736815
0.69617
0.467505
0.463024
0.378816
0.739974
0.66525
0.862415
0.580885
0.456402
0.334518
0.552051
0.679095
0.942603
0.6132
0.493543
0.435428
0.60677
0.641444
0.706753
0.565459
0.531271
0.4755
0.582218
0.556668
0.626493
0.516728
0.555954
0.492812
0.612194
0.528986
0.620754
0.510988
0.599174
0.496678
0.616615
0.497395
0.621935
0.488442
0.623698
0.479555
0.633707
0.474023
0.64333
0.467993
0.651432
0.460558
0.660026
0.454172
0.671344
0.450776
0.682462
0.449275
0.689905
0.446836
0.693447
0.442825
0.697133
0.439879
0.702889
0.439922
0.707339
0.440421
0.706623
0.437586
0.704222
0.433294
0.707156
0.433727
0.713778
0.438852
0.712986
0.439349
0.702924
0.431115
0.699277
0.426634
0.711998
0.436422
0.720975
0.446886
0.70382
0.434103
0.681517
0.411964
0.698561
0.419909
0.74209
0.458661
0.732723
0.460564
0.66143
0.394167
0.644119
0.369063
0.770568
0.457645
0.848277
0.578867
0.680919
0.430542
0.488494
0.287255
0.669171
0.418795
1.08263
0.819163
0.759563
0.626128
0.386131
0.297483
0.37558
0.762815
0.892367
0.660899
0.678838
0.436669
0.468926
0.337096
0.680048
0.465725
0.844793
0.665258
0.649713
0.473854
0.431718
0.353842
0.585618
0.559937
0.764618
0.60838
0.513867
0.41781
0.478388
0.507977
0.648085
0.501651
0.492925
0.419171
0.570104
0.495438
0.646554
0.487789
0.559403
0.42084
0.602696
0.423036
0.699182
0.472863
0.738745
0.514082
0.681627
0.443071
0.610261
0.373755
0.740609
0.438679
0.937116
0.677263
0.830382
0.62369
0.484278
0.302014
0.470631
0.596621
1.2008
0.767892
0.590457
0.589124
0.514113
0.510668
0.404493
0.524534
0.484905
0.759869
0.540223
0.619387
0.532501
0.647736
0.413404
0.54415
0.380033
0.893931
0.496986
0.94834
0.856023
0.833461
0.554582
0.337981
0.292058
0.636708
1.21325
1.19124
1.19518
0.735846
0.503025
0.357708
0.544496
0.753581
1.08531
0.707408
0.506279
0.430715
0.560788
0.726915
0.759311
0.263966
0.240312
0.187056
2.198
0.880365
1.54952
3.45982
0.44215
0.3729
0.379339
1.62462
0.654585
0.309061
1.46875
0.728889
1.65673
1.89073
0.508255
0.573247
0.173938
1.23298
0.130716
3.67039
3.64272
6.12983
5.61788
0.491414
0.317409
0.230252
1.57464
1.25108
1.47841
2.89583
0.127832
0.204343
0.470707
7.09171
1.62496
2.23088
1.91717
0.363541
0.383046
0.204453
2.09693
0.315603
2.48954
3.75907
2.54037
2.51052
0.51939
0.194227
0.222076
1.39444
3.45642
0.431232
3.3523
0.754833
2.16791
2.12765
0.772823
0.842504
0.235358
0.737343
0.182134
3.12855
2.42405
4.28428
4.64495
0.426777
0.40934
0.316204
2.04294
0.402314
0.96109
2.48809
1.9768
1.32954
0.909178
0.147938
0.130848
0.265862
6.17189
2.28458
3.10837
3.83171
0.427033
0.550698
0.433085
2.12919
0.466054
0.634142
1.8957
1.7002
0.475163
1.3108
0.222325
1.61129
1.44514
4.03686
3.67258
0.348681
0.650738
0.300884
2.73136
1.19631
1.95174
2.89096
0.232646
0.461374
0.447151
4.32109
1.80176
0.233974
2.11706
0.177991
4.35243
3.99171
5.57119
5.23845
0.575991
0.364137
0.318975
1.54478
1.29287
0.780117
2.51567
0.17127
0.548316
1.18078
6.19597
3.66401
1.36356
0.984971
0.264217
0.345212
0.223438
3.17371
0.574899
2.18962
4.36758
1.39908
1.52557
0.665018
0.390799
0.25581
0.852398
1.36489
1.90217
2.732
0.746945
0.456804
0.485046
0.956663
1.04977
0.247425
1.09027
0.26247
3.81588
3.35422
3.27032
3.74696
0.490499
0.278243
0.344027
1.91626
2.10601
0.51275
2.61506
0.403285
1.75792
1.92676
2.25029
1.99244
0.383801
0.255157
0.167587
2.39479
1.97585
3.11564
5.80297
0.505277
0.531845
0.565021
1.99129
0.231445
0.267081
1.50314
4.78783
0.389067
3.62548
0.972144
3.11494
2.92979
0.554115
0.91158
0.294744
1.6681
0.796068
2.76396
2.96014
0.517671
1.1215
0.367273
1.83954
1.17116
2.11942
2.32304
0.153185
0.549857
0.315055
7.57437
4.70648
1.54847
3.42918
0.487183
0.443359
0.663273
1.98686
0.595349
0.827055
1.27742
1.36393
0.539006
0.662733
0.209643
1.33068
0.357436
4.22851
4.32786
2.35464
2.98844
0.528422
0.218051
0.359792
1.80102
3.73265
1.60585
2.68308
0.728435
0.345749
0.548923
1.07815
2.08572
1.05773
1.11871
0.726811
0.430942
0.186727
0.528088
1.33661
4.34235
3.58635
1.6614
0.971274
0.393969
0.27977
0.4387
1.97748
1.81018
1.22225
2.28095
0.327989
0.289167
0.699205
3.32318
1.18394
2.33135
1.64639
0.555624
0.752998
0.155821
1.50402
0.545646
6.94241
6.47372
1.11485
2.21719
0.539712
0.834273
0.724628
1.68298
0.694139
0.260551
1.02856
0.975505
3.47795
3.3631
0.263544
1.09397
0.357934
4.68769
3.32534
2.29724
3.09003
0.386164
0.179762
0.391921
2.92938
4.61773
3.11198
3.00524
0.653493
0.369922
0.332047
1.4592
1.8066
0.933255
2.84315
0.508597
0.653425
1.16306
2.01473
0.37286
0.975745
0.643622
3.00017
1.99292
0.571721
1.6078
0.180397
1.67269
1.49415
6.77167
5.72317
0.506865
0.907118
0.38768
2.33569
0.998976
2.00163
2.61878
0.496162
0.718281
0.429418
2.16998
0.654145
1.33439
2.32414
1.25869
0.970363
0.682723
0.370698
0.278611
0.608762
1.92474
1.81967
2.2284
1.71496
0.342961
0.432574
0.162047
3.28493
0.532865
5.96751
7.30176
1.81109
2.46466
0.653766
0.460941
0.420453
1.46856
1.19403
0.691121
2.23563
0.188574
0.915069
1.5617
7.15494
5.09351
1.15549
0.981243
0.375984
0.787415
0.233592
2.43733
1.64217
4.5921
5.01222
0.387918
0.801991
0.443574
3.40195
1.58565
1.45247
2.6345
0.206181
0.142472
0.66794
6.81961
4.76675
7.10004
2.59592
0.663693
0.696309
0.330383
1.57848
0.358522
2.60627
3.22816
3.18883
3.36611
0.682354
0.347912
0.343478
1.61781
2.42121
0.788548
3.19011
0.719713
1.28674
1.61386
1.39205
0.815457
0.457195
0.125949
0.712788
1.62705
9.74752
8.44933
1.89949
1.27729
0.664273
0.497919
0.32911
1.1268
1.08412
2.0448
2.99523
0.3134
0.850686
0.627047
4.54467
2.66866
0.554002
2.11676
0.255649
2.2598
2.04426
5.36541
4.70811
0.524542
0.703546
0.349446
2.55968
0.5438
2.41745
3.49548
2.0518
2.10977
0.6377
0.220636
0.220816
1.65704
5.26347
1.45618
5.70247
1.34892
0.827735
1.19619
0.663311
0.789802
0.653184
1.0938
0.338871
0.492299
0.92962
3.46402
0.977347
1.60325
1.5114
1.03702
0.745487
0.212613
0.459888
0.665956
6.00679
3.17927
1.1928
2.4145
0.501334
0.772326
0.857462
2.52931
0.879177
0.392017
1.34463
1.06308
2.61476
2.75473
0.20142
1.01842
0.382015
8.09152
5.74994
2.4816
3.89669
0.65043
0.381777
0.531897
2.03064
2.25132
0.944698
2.32379
0.453673
0.967213
1.17794
2.92986
1.59952
0.529461
0.982047
0.279956
2.20231
1.27661
4.55984
4.69172
0.284117
1.11386
0.452065
5.84252
3.84587
2.08141
3.24937
0.442725
0.321609
0.524667
3.34789
2.2167
1.6318
2.84049
0.343639
0.318621
0.689492
4.55601
1.42076
2.5966
2.397
0.690106
0.813667
0.311356
1.78676
0.346473
3.79843
4.18653
4.09703
4.31128
0.7579
0.414676
0.377019
1.82846
2.32958
1.16865
3.48592
0.668038
0.737884
1.2387
2.02515
0.240209
1.01975
0.726636
7.15096
5.04702
0.464632
2.29647
0.526749
3.67989
2.92043
2.45801
2.70994
0.3494
0.163551
0.306202
4.75728
7.43334
3.8593
5.78014
1.1591
0.759975
0.718721
1.11857
1.01892
0.57649
0.928213
0.251837
1.58521
1.13988
5.95824
5.67331
0.383358
1.57003
0.552455
4.80791
3.38079
2.03832
2.88764
0.398545
0.292713
0.502955
4.24557
2.76135
2.19353
3.52884
0.515758
0.42316
0.663707
3.21345
1.51593
1.41503
2.45699
0.472168
0.218077
0.809747
3.45485
5.96518
5.7616
2.44038
0.850262
0.619282
0.384537
1.47675
1.17756
2.49168
3.47294
0.256206
1.05722
0.669792
7.70738
5.1286
0.838727
2.75072
0.532948
1.99958
1.69989
2.96201
2.46055
0.24117
0.648186
0.192297
8.09768
4.33559
8.07798
9.45225
1.13915
0.921923
0.715247
1.43731
0.644118
0.920492
1.39974
1.81968
0.76404
0.952981
0.562486
1.57796
0.447712
1.67026
2.22129
3.45692
3.11981
0.818977
0.633501
0.327735
1.85345
1.10726
3.72682
4.80356
0.479929
1.51364
0.666444
4.13539
2.69388
1.65279
2.56053
0.248513
0.430144
0.622691
8.31439
2.47678
1.56184
3.43654
0.613004
0.581112
1.00671
2.91798
0.890823
1.51003
1.63618
1.64554
0.999764
0.368691
0.175667
0.846049
4.34676
8.40443
8.84204
3.12756
1.20603
0.93068
0.528496
1.08715
0.811125
2.24128
1.9422
0.717278
1.82888
0.390995
2.10418
1.88441
4.75987
4.24887
0.481044
0.970906
0.406206
4.38885
1.95178
3.51761
4.76409
0.358992
0.758686
0.591699
6.28365
2.66051
1.01577
3.52076
0.384442
1.47426
1.76145
5.5903
3.85595
0.753614
1.15424
0.326653
2.53862
0.872117
5.62545
5.64434
1.36828
2.33864
0.652952
1.22964
0.772185
2.67214
1.40165
1.18358
2.11925
0.58033
0.413835
0.991847
3.14752
2.55239
3.04342
2.03253
0.416835
0.524036
0.306537
5.02989
0.833836
4.19721
7.13002
2.06351
2.51213
0.987345
0.727797
0.410814
1.52082
1.32884
3.30556
4.02688
0.365571
1.36274
0.690573
6.70873
4.40524
1.61791
3.23033
0.512127
0.921869
0.933255
4.31719
1.66403
0.38809
2.24532
0.691961
5.68004
5.04984
2.29372
3.16369
0.619689
0.516603
0.503863
3.48379
1.71655
1.04673
4.34425
0.549387
1.13668
2.12933
4.23234
1.98324
1.39701
0.91762
0.529056
0.553723
1.12606
2.64672
0.806819
2.28851
1.72728
2.3883
2.17178
0.26528
0.546276
0.192615
9.92695
4.10759
10.6084
13.0732
1.63313
1.47553
1.07922
1.34953
0.521411
0.969859
0.726943
3.69731
2.07324
1.03417
3.19279
0.511254
1.46731
1.98202
4.80968
3.11585
0.975161
1.14589
0.315216
2.02988
0.339544
7.35778
6.94094
7.29845
7.63507
1.30445
0.819157
0.647779
1.74423
1.70311
1.57643
2.6714
0.362509
0.267047
1.02249
7.68445
5.0616
7.53925
3.53146
1.01952
1.04393
0.548617
2.13618
0.626398
3.12071
3.82385
3.41094
3.70074
0.958809
0.483543
0.451765
2.37403
3.91775
1.81997
5.2967
1.33919
0.941581
1.47787
1.53511
1.29531
1.14454
0.344725
0.459934
0.434425
7.29241
1.42616
1.51733
7.02503
1.45333
0.641643
2.20339
1.52027
3.30447
3.40993
0.471256
1.30457
0.540573
6.3924
3.78231
3.6154
5.2606
0.693346
0.514732
0.702057
4.25822
2.72781
1.40554
4.11395
0.565553
1.1844
1.77653
5.24618
2.44763
1.27971
1.55749
0.506836
1.28324
0.419122
4.95923
3.43045
5.87883
6.93761
0.922172
0.975087
0.717203
3.2463
0.627308
1.76633
3.62529
4.52261
3.14211
1.61597
0.723047
0.352162
0.997075
3.08274
6.46787
5.4931
3.06448
1.41133
0.871493
0.569396
1.35857
1.97158
3.01892
3.22443
1.21542
1.00359
0.640644
1.82273
0.982804
2.61165
3.34052
1.6003
2.25519
0.865085
1.12002
0.695655
2.71903
0.689247
2.37601
3.73938
4.001
3.47512
1.24468
0.558525
0.317333
1.94065
4.47206
6.94145
9.00545
2.35866
1.30843
1.09461
1.06881
1.43795
1.06214
0.787954
0.907624
1.08282
1.73107
0.513554
0.679924
1.46931
5.94661
1.21752
3.24188
2.65827
2.47393
2.12435
0.370641
0.26947
0.31382
10.0274
7.20914
2.48862
12.7793
2.43733
1.8778
2.29403
1.13736
0.842185
0.96363
2.05628
1.93326
0.684727
2.41227
0.574985
4.37302
4.20325
5.68849
5.92601
1.03367
0.801276
0.623678
3.43738
2.00113
2.47589
5.38873
0.579963
0.715519
1.43165
7.01082
1.00741
2.99091
2.95985
3.68201
2.78575
0.60859
0.595833
0.292592
6.17687
1.90155
9.48272
13.3219
1.24722
2.6348
1.44014
3.23088
1.78183
1.39684
1.77572
0.970167
0.922056
0.691972
2.32321
0.968158
2.35077
4.45813
2.645
2.67653
1.61889
0.605166
0.32298
1.13838
5.65329
7.90963
8.17873
4.53818
1.33137
0.939648
0.501804
2.55653
1.93435
4.82757
6.3052
0.414437
1.69405
0.883434
10.4364
6.65295
1.66552
4.54971
0.706467
1.83549
1.73361
5.25124
3.12608
0.350219
1.94125
0.107821
12.2309
9.48656
43.7451
37.42
5.49428
1.65302
0.834608
0.164257
1.73333
3.11821
26.1094
22.6419
4.63056
2.56203
0.948145
0.242521
0.506268
3.25061
16.8693
7.40773
9.32112
3.02527
0.542549
0.762519
0.605734
7.78737
1.33037
1.93216
7.56256
2.02441
1.1124
2.60618
1.21814
2.13402
2.49745
1.79519
1.62057
0.800377
0.564068
0.263292
3.39176
3.67911
12.4339
16.2026
2.69868
1.81491
0.886023
1.14464
0.887372
3.14976
0.75552
1.39357
4.15197
4.88998
2.46236
3.14836
0.912202
0.688481
0.614625
4.04185
2.80754
1.79412
7.03136
0.623218
0.907502
2.50583
7.65929
1.29722
4.00692
2.27363
3.09448
2.62704
0.448793
0.703619
0.0289714
10.5462
3.54821
228.908
186.712
27.9682
7.93474
2.77904
1.55913
0.84843
0.396946
1.10857
3.25807
9.78606
9.24149
5.95595
3.09619
1.33015
0.593485
0.25804
2.36623
6.51127
16.5126
19.506
5.32359
2.08932
1.14442
0.118315
1.45496
2.65783
53.9545
42.1506
8.95894
4.59435
1.53352
0.333316
0.0640271
2.53471
18.6475
102.945
92.595
18.4261
4.46609
1.95745
1.02446
0.18655
1.42198
3.27074
34.6773
28.1374
8.01374
4.21726
1.55014
0.341595
0.124322
2.58442
18.7363
46.0596
49.5249
11.6173
3.06726
1.53011
0.552535
1.08206
2.24301
9.29091
4.93131
4.62871
3.83833
0.447765
0.469977
0.181184
15.4791
2.64748
30.2011
37.7572
4.17952
4.44077
1.6518
0.827425
0.490354
2.56863
5.29276
8.0629
11.5044
3.93726
1.62776
1.12735
0.731905
2.77596
2.67114
4.61361
7.11039
1.2892
1.73478
1.30207
4.75199
0.777868
1.4483
4.31766
8.1498
3.21318
4.43572
1.91511
0.950812
0.763995
2.1509
4.87862
3.37859
6.05964
3.3414
0.0187996
1.38077
0.434713
317.343
207.976
9.72562
46.7856
14.0614
4.62512
6.93469
4.17149
1.87573
4.1985
2.11571
1.15693
5.34444
0.0342293
3.454
13.4115
329.338
240.253
55.7508
16.1656
6.63704
4.00975
2.73529
1.58861
0.962533
0.356248
1.951
4.71041
23.9481
24.6468
9.91541
5.39732
2.31547
0.691814
0.0722583
2.38521
14.1995
178.198
142.679
36.1951
9.89426
3.34834
1.43271
0.201521
1.82491
5.2876
59.5144
45.0518
14.9562
6.30902
2.09479
0.48725
0.584629
4.0191
22.3589
1.2243
19.0118
7.4678
9.75003
9.63478
1.46121
1.05912
0.576068
7.53578
5.37695
12.5995
18.7617
3.69112
2.57194
1.33003
2.41926
2.03482
5.46561
3.27796
0.382165
4.21133
0.580035
33.2784
26.0617
15.9463
20.6908
5.0298
1.08105
0.832248
1.67232
10.6649
6.7372
6.63378
8.75491
1.40807
0.566982
0.890576
8.34014
17.6831
4.48106
15.4074
4.73953
1.17906
2.41504
1.34541
9.57592
3.99315
4.03391
8.41346
0.0317579
0.124655
3.45805
491.683
169.976
177.498
55.6384
16.7724
6.93886
3.6548
1.96573
0.497768
0.933593
3.4906
28.3614
10.3154
17.4861
9.88115
2.00913
1.96636
0.230184
6.75891
1.69411
73.9639
60.6992
6.97379
13.4923
3.91296
1.11501
1.30063
2.85301
12.7585
1.06625
7.45998
7.27457
14.8247
11.8653
3.16781
2.26011
0.431895
4.17576
3.54899
37.6369
30.11
7.02231
6.97131
1.92896
1.47377
0.31867
7.32089
5.25309
51.4803
46.2755
11.2248
6.60681
1.96438
0.685868
1.3234
7.4955
21.3481
8.0643
14.5748
5.75296
0.0867457
1.30011
1.86203
262.853
178.611
51.5467
27.5974
7.57285
1.64206
0.0478365
2.2094
14.0306
534.346
384.959
120.048
35.8784
9.1907
1.30096
1.17376
3.25481
17.9756
7.95079
10.533
8.91818
0.489258
0.661335
0.492561
49.7044
0.997362
15.924
49.6335
15.2257
23.9481
8.40463
1.01565
0.785799
1.9476
23.3838
14.7037
15.3161
16.995
4.24811
1.31081
0.469522
4.59913
15.6762
41.8297
39.2036
15.9619
5.72852
1.61188
0.659732
3.32568
13.2354
28.5399
24.61
13.5999
5.10518
1.32409
0.617771
3.63183
16.7088
29.2109
28.6167
14.7566
5.06079
1.44498
0.61772
3.91632
15.2496
30.9974
29.3021
14.3974
5.20272
1.44328
0.718445
3.82553
15.6146
24.943
24.9626
13.4143
4.66695
1.33942
0.737936
4.3759
16.951
23.0597
25.967
13.0626
4.32779
1.37712
0.85913
4.92043
16.2448
18.0329
23.0375
11.4261
3.55911
1.36584
1.05179
6.19659
15.5134
11.3925
20.3142
9.29999
2.01539
1.71979
1.3726
12.2257
6.41579
6.51199
17.8489
3.29692
0.982174
3.26538
6.67861
24.0688
14.5018
9.42361
6.23126
0.984511
0.992671
2.14125
27.538
8.26048
14.4403
18.4098
2.87833
2.50216
1.05271
9.04851
4.61021
19.008
20.9728
3.27292
6.19399
2.00158
7.71783
2.04332
10.202
8.70052
8.799
9.85609
2.58353
0.739941
0.532553
9.23012
35.2097
28.9221
50.5951
19.2348
5.50012
1.95904
0.912514
4.96832
12.8345
23.7995
22.623
11.5447
4.71053
1.20184
1.32319
4.88757
22.6855
4.56107
17.4948
11.2772
2.67919
4.67859
0.232905
9.76377
2.53198
147.321
108.443
25.2653
22.7032
6.59251
0.0422813
1.07764
7.56414
777.831
462.656
204.495
83.417
27.2212
6.17371
1.29255
4.18075
8.94827
30.553
11.905
9.25437
6.00726
0.801681
1.94375
3.70336
48.3356
16.1194
16.7957
16.9822
3.61039
0.702161
0.405606
10.2869
56.2681
67.242
87.7911
35.946
11.6402
2.802
1.37089
4.44906
14.7681
22.3923
15.3909
12.7904
5.21299
0.370081
1.03386
6.18982
122.367
43.1878
55.4386
27.581
7.71968
1.34093
2.02396
6.47467
32.2934
0.70121
16.8556
12.3347
64.6036
45.8358
15.9375
8.18165
1.6019
2.44842
4.60672
26.3956
1.42705
10.3361
12.8815
28.4622
20.2444
8.31043
4.57101
0.293975
3.98327
6.98808
168.102
109.744
48.2162
24.3706
6.7264
0.511994
3.31683
8.61615
98.491
53.5579
30.7613
16.5
4.23213
0.767713
3.14601
11.4813
60.971
31.6561
25.1014
12.8055
2.90407
0.546311
3.26053
16.3631
87.0601
54.2287
35.4151
15.4612
3.91666
0.739618
3.69385
12.9253
65.5591
37.6139
26.0944
12.8756
3.03163
0.840536
3.62643
16.2035
54.2256
33.1534
25.8265
11.8132
2.66009
0.754784
3.95277
18.7875
61.2247
41.0056
28.5045
12.4443
2.94153
0.964752
4.19848
17.3931
46.8679
30.6214
23.3676
10.5972
2.26313
0.965733
4.4044
22.6947
43.2556
33.5392
24.9483
10.2602
2.30582
1.07153
4.92086
22.5832
38.1441
31.2749
22.7303
9.27902
2.04709
1.21545
5.34854
25.6592
29.5603
29.3074
21.3709
9.15931
2.22748
0.507924
1.35046
1.40752
1.1878
0.911371
0.662648
0.465626
0.319673
0.215895
0.144098
0.0953733
0.0627572
0.0411277
0.0268654
0.0175087
0.0114942
0.00800779
0.00675576
0.00725283
0.00864512
0.0103666
0.0121867
0.0140186
0.0158253
0.017588
0.0192945
0.020936
0.0225053
0.0239962
0.025403
0.0267208
0.0279452
0.0290721
0.0300979
0.0310195
0.0318339
0.0325389
0.0331323
0.0336126
0.0339785
0.034229
0.0343638
0.0343827
0.0342859
0.0340742
0.0337486
0.0333104
0.0327614
0.0321039
0.0313402
0.0304732
0.0295062
0.0284428
0.0272868
0.0260426
0.0247148
0.0233084
0.0218288
0.0202819
0.0186738
0.0170117
0.0153031
0.013557
0.0117845
0.0100001
0.00822567
0.00650018
0.00490642
0.00364991
0.003177
0.00379161
0.0051044
0.00670146
0.00840361
0.0101377
0.0118685
0.0135757
0.0152455
0.0168676
0.0184334
0.0199355
0.0213675
0.0227234
0.0239979
0.0251861
0.0262835
0.0272861
0.0281903
0.0289927
0.0296908
0.030282
0.0307644
0.0311365
0.0313972
0.0315459
0.0315822
0.0315063
0.031319
0.0310211
0.0306142
0.0301001
0.0294811
0.0287597
0.0279391
0.0270225
0.0260139
0.0249171
0.0237366
0.0224772
0.0211439
0.019742
0.018277
0.016755
0.0151822
0.0135652
0.0119113
0.0102288
0.00852765
0.00682156
0.00513439
0.00352305
0.00219083
0.00188445
0.00293292
0.00444975
0.0060753
0.00772087
0.009355
0.0109618
0.012531
0.0140547
0.0155263
0.0169402
0.0182909
0.0195739
0.0207848
0.0219194
0.0229741
0.0239457
0.024831
0.0256275
0.0263327
0.0269447
0.0274618
0.0278826
0.0282062
0.028432
0.0285595
0.0285888
0.0285203
0.0283546
0.0280928
0.0277361
0.0272862
0.0267451
0.0261149
0.0253983
0.0245981
0.0237175
0.0227597
0.0217287
0.0206282
0.0194626
0.0182365
0.0169547
0.0156224
0.0142454
0.0128299
0.0113831
0.00991365
0.0084327
0.00695674
0.00551413
0.00416426
0.00305547
0.00254045
0.00294756
0.00399515
0.00530351
0.0067062
0.00813773
0.00956764
0.0109788
0.0123598
0.0137022
0.0149991
0.0162445
0.0174331
0.0185602
0.0196214
0.0206128
0.0215307
0.0223719
0.0231333
0.0238124
0.0244067
0.0249144
0.0253336
0.0256631
0.0259019
0.0260492
0.0261048
0.0260687
0.0259411
0.0257228
0.0254147
0.0250182
0.0245349
0.0239668
0.0233162
0.0225855
0.0217777
0.0208958
0.0199433
0.0189238
0.0178411
0.0166994
0.0155029
0.0142562
0.0129639
0.011631
0.0102626
0.00886386
0.00744056
0.00599892
0.00454663
0.00309603
0.00168403
0.000685066
0.00157132
0.00295924
0.00438129
0.00579565
0.00718953
0.00855546
0.00988759
0.0111808
0.0124304
0.013632
0.0147814
0.0158748
0.0169086
0.0178793
0.0187839
0.0196194
0.0203832
0.0210731
0.0216869
0.0222228
0.0226794
0.0230554
0.0233499
0.0235622
0.0236921
0.0237395
0.0237045
0.0235877
0.0233898
0.0231121
0.0227556
0.0223222
0.0218137
0.0212321
0.0205798
0.0198595
0.0190739
0.0182263
0.0173198
0.0163579
0.0153446
0.0142836
0.0131793
0.0120362
0.0108593
0.00965413
0.00842697
0.00718579
0.00594159
0.0047124
0.00353475
0.00250298
0.00188915
0.00209962
0.00295585
0.00405719
0.00523828
0.00644124
0.00764104
0.0088241
0.00998148
0.0111065
0.0121937
0.0132383
0.0142361
0.0151833
0.0160763
0.0169118
0.0176871
0.0183992
0.0190458
0.0196247
0.0201339
0.0205718
0.020937
0.0212282
0.0214448
0.021586
0.0216514
0.0216411
0.0215553
0.0213944
0.0211591
0.0208505
0.0204698
0.0200186
0.0194986
0.0189119
0.0182606
0.0175473
0.0167747
0.0159456
0.0150631
0.0141306
0.0131514
0.0121293
0.0110678
0.00997103
0.00884285
0.0076874
0.00650889
0.00531162
0.00409997
0.00287852
0.00165253
0.000437447
0.000819227
0.00203255
0.00323899
0.00443051
0.00560241
0.00675047
0.00787064
0.00895905
0.010012
0.0110258
0.0119971
0.0129226
0.0137992
0.0146241
0.0153946
0.0161081
0.0167624
0.0173555
0.0178855
0.0183508
0.0187502
0.0190824
0.0193466
0.0195422
0.0196688
0.0197262
0.0197147
0.0196344
0.019486
0.0192704
0.0189886
0.0186419
0.0182318
0.0177599
0.0172284
0.0166392
0.0159948
0.0152976
0.0145505
0.0137562
0.0129178
0.0120387
0.0111222
0.010172
0.00919203
0.00818641
0.00715986
0.00611788
0.00506759
0.00401966
0.00299444
0.00204481
0.00135698
0.00139755
0.00211868
0.0030639
0.00406893
0.00508638
0.00609758
0.00709262
0.00806492
0.00900945
0.00992201
0.0107989
0.0116367
0.0124324
0.0131832
0.0138864
0.0145396
0.0151406
0.0156875
0.0161784
0.0166117
0.0169862
0.0173006
0.0175539
0.0177456
0.0178749
0.0179418
0.0179461
0.0178879
0.0177677
0.017586
0.0173437
0.0170416
0.0166812
0.0162637
0.0157909
0.0152645
0.0146865
0.0140591
0.0133846
0.0126656
0.0119047
0.0111047
0.0102685
0.00939915
0.0084999
0.00757398
0.00662477
0.00565577
0.00467059
0.00367304
0.00266743
0.00165993
0.000672351
0.000465265
0.00142504
0.00241833
0.00340514
0.00437833
0.00533356
0.00626717
0.00717578
0.00805619
0.00890536
0.00972037
0.0104985
0.011237
0.0119335
0.0125858
0.0131916
0.013749
0.0142562
0.0147116
0.0151139
0.0154618
0.0157542
0.0159905
0.0161699
0.0162921
0.0163569
0.0163642
0.0163144
0.0162076
0.0160447
0.0158264
0.0155536
0.0152276
0.0148497
0.0144215
0.0139446
0.013421
0.0128526
0.0122418
0.0115908
0.0109021
0.0101783
0.00942225
0.00863679
0.00782498
0.00699005
0.00613549
0.00526513
0.00438353
0.00349671
0.00261466
0.00176094
0.00102671
0.000840414
0.00142969
0.0022429
0.0030995
0.00396133
0.00481512
0.00565391
0.00647298
0.00726856
0.0080374
0.00877657
0.00948337
0.0101553
0.0107901
0.0113855
0.0119395
0.0124504
0.0129165
0.0133362
0.0137083
0.0140316
0.0143051
0.014528
0.0146996
0.0148197
0.0148878
0.0149039
0.0148682
0.0147808
0.0146423
0.0144533
0.0142147
0.0139273
0.0135924
0.0132112
0.0127853
0.0123163
0.0118059
0.011256
0.0106688
0.0100463
0.00939093
0.00870501
0.0079911
0.00725182
0.00648987
0.0057081
0.00490945
0.00409703
0.00327428
0.0024454
0.00161721
0.00081243
0.000356551
0.00100485
0.00181141
0.00262597
0.00343348
0.00422832
0.00500673
0.00576559
0.00650207
0.00721352
0.00789745
0.0085515
0.00917345
0.00976118
0.0103127
0.0108263
0.0113002
0.0117328
0.0121229
0.0124691
0.0127705
0.013026
0.013235
0.013397
0.0135114
0.0135781
0.013597
0.0135683
0.0134921
0.013369
0.0131996
0.0129846
0.0127249
0.0124217
0.0120761
0.0116896
0.0112636
0.0107998
0.0103001
0.00976622
0.00920028
0.00860438
0.00798078
0.0073318
0.00665989
0.0059676
0.00525761
0.00453275
0.00379612
0.00305137
0.00230347
0.00156186
0.000859367
0.000462863
0.000927955
0.00163014
0.00235912
0.00308751
0.00380685
0.00451257
0.00520134
0.00587035
0.00651707
0.00713918
0.0077345
0.00830097
0.0088367
0.00933988
0.00980886
0.0102421
0.0106382
0.010996
0.0113143
0.0115921
0.0118286
0.0120231
0.0121752
0.0122843
0.0123503
0.0123731
0.0123528
0.0122896
0.0121838
0.012036
0.0118468
0.0116171
0.0113477
0.0110397
0.0106944
0.010313
0.00989707
0.00944813
0.00896786
0.00845805
0.0079206
0.00735747
0.00677076
0.00616261
0.00553529
0.00489112
0.00423257
0.00356224
0.00288302
0.00219847
0.00151422
0.000846353
0.000340113
0.000699558
0.00134992
0.00202139
0.0026906
0.00335097
0.0039988
0.00463126
0.00524589
0.00584043
0.00641278
0.00696093
0.007483
0.00797723
0.00844196
0.00887563
0.00927683
0.00964425
0.00997672
0.0102732
0.0105327
0.0107545
0.0109379
0.0110825
0.0111877
0.0112535
0.0112797
0.0112664
0.0112137
0.011122
0.0109917
0.0108234
0.0106178
0.0103759
0.0100985
0.00978675
0.00944192
0.00906531
0.00865835
0.00822258
0.00775964
0.00727126
0.00675924
0.00622549
0.00567197
0.00510073
0.00451387
0.00391359
0.00330218
0.00268209
0.00205615
0.00142824
0.000807482
0.00027385
0.000555103
0.0011574
0.00177379
0.00238641
0.00299027
0.0035824
0.00416042
0.00472216
0.00526564
0.00578895
0.00629031
0.00676802
0.0072205
0.00764623
0.00804382
0.00841199
0.00874955
0.00905543
0.00932868
0.00956846
0.00977405
0.00994485
0.0100804
0.0101803
0.0102445
0.0102727
0.010265
0.0102215
0.0101426
0.0100287
0.00988017
0.00969777
0.00948221
0.00923438
0.00895523
0.00864587
0.00830747
0.00794133
0.0075488
0.00713137
2.06982
12.8437
19.8153
24.5853
27.7441
29.5187
30.1625
29.9915
29.3142
28.3816
27.3826
26.4604
25.718
25.2111
24.9438
24.8787
24.9574
25.1201
25.3164
25.507
25.6623
25.7596
25.7823
25.7194
25.5655
25.3203
24.9876
24.5742
24.0888
23.5418
22.9443
22.3082
21.6461
20.9708
20.2949
19.6305
18.9882
18.377
17.8035
17.2723
16.7853
16.3422
15.9404
15.5754
15.2407
14.9286
14.6301
14.3357
14.0361
13.7224
13.3872
13.0245
12.6306
12.2035
11.7438
11.2538
10.7378
10.2019
9.65369
9.10252
8.55915
8.03558
7.54469
7.09951
6.71206
6.39187
6.14435
5.96951
5.86164
5.81018
5.80166
5.82198
5.85855
5.90174
5.94569
5.98863
6.03259
6.08291
6.14734
6.23481
6.35408
6.51225
6.71357
6.95869
7.24452
7.56462
7.91008
8.27042
8.63452
8.99138
9.33071
9.64329
9.92128
10.1583
10.3496
10.4919
10.5834
10.6237
10.6138
10.5555
10.4518
10.3062
10.1226
9.90539
9.65873
9.38669
9.09294
8.7806
8.45215
8.10936
7.75332
7.38446
7.00272
6.60763
6.19858
5.77495
5.33641
4.88307
4.41584
3.93669
3.44921
2.95954
2.47826
2.02464
1.63566
1.37939
1.3412
1.5379
1.89376
2.33039
2.80207
3.28473
3.76495
4.23455
4.68823
5.1224
5.53463
5.92334
6.28758
6.62685
6.94104
7.23022
7.49461
7.73445
7.94993
8.14112
8.30793
8.45012
8.56726
8.65877
8.72396
8.76209
8.77238
8.75416
8.70682
8.62997
8.52339
8.38716
8.22158
8.02727
7.8051
7.5562
7.28193
6.98386
6.6637
6.32332
5.96465
5.5897
5.20054
4.7993
4.38821
3.9697
3.54656
3.12225
2.7015
2.29149
1.9043
1.56184
1.30398
1.18959
1.25875
1.48454
1.80647
2.17872
2.57533
2.98187
3.38973
3.7932
4.18816
4.57138
4.9402
5.29234
5.62587
5.93906
6.23047
6.49883
6.74309
6.96239
7.15605
7.32357
7.46458
7.57886
7.66633
7.72698
7.76092
7.76833
7.74946
7.70461
7.63414
7.53844
7.41797
7.27323
7.10475
6.91315
6.6991
6.46334
6.2067
5.93008
5.63448
5.32097
4.99075
4.64509
4.28538
3.91309
3.52983
3.13734
2.73757
2.33284
1.92612
1.52194
1.12905
0.770494
0.525586
0.566246
0.848597
1.20967
1.592
1.97832
2.3617
2.73847
3.10621
3.46309
3.80761
4.13842
4.45432
4.75419
5.03698
5.30172
5.5475
5.77348
5.9789
6.16306
6.32535
6.46524
6.58229
6.67615
6.74657
6.79339
6.81655
6.81608
6.7921
6.74484
6.6746
6.58178
6.46684
6.33032
6.17285
5.99511
5.79783
5.58184
5.34799
5.09719
4.83044
4.54875
4.25321
3.94498
3.62529
3.29544
2.95689
2.61122
2.26036
1.90672
1.55382
1.20782
0.882277
0.61536
0.511068
0.65086
0.927198
1.24876
1.58401
1.92141
2.25555
2.58328
2.90245
3.21137
3.50865
3.7931
4.06362
4.31927
4.55917
4.78252
4.9886
5.17677
5.34645
5.49715
5.62842
5.73989
5.83126
5.90232
5.95288
5.98286
5.99224
5.98108
5.94948
5.89765
5.82585
5.73441
5.62375
5.49433
5.3467
5.18146
4.99929
4.80091
4.58711
4.35874
4.11669
3.86192
3.59542
3.31826
3.03155
2.73648
2.43436
2.12662
1.81498
1.50169
1.19022
0.887287
0.610384
0.418435
0.440954
0.653666
0.931333
1.22709
1.52669
1.82438
2.11713
2.40293
2.68027
2.9479
3.20471
3.44973
3.68207
3.90091
4.10551
4.29518
4.46931
4.62735
4.76881
4.89326
5.00036
5.08981
5.16137
5.21489
5.25027
5.26747
5.26652
5.24752
5.21061
5.15602
5.08403
4.99496
4.88922
4.76726
4.62957
4.47673
4.30934
4.12807
3.93362
3.72677
3.50832
3.27912
3.04009
2.79218
2.53643
2.27394
2.00595
1.73388
1.45953
1.18548
0.916181
0.66159
0.451012
0.370521
0.487629
0.707875
0.959789
1.22066
1.4824
1.7412
1.99485
2.24178
2.48074
2.7107
2.93075
3.14006
3.33788
3.52354
3.69641
3.85591
4.00155
4.13286
4.24945
4.35097
4.43713
4.5077
4.56251
4.60144
4.62441
4.63144
4.62256
4.59789
4.55757
4.50184
4.43095
4.34523
4.24504
4.13081
4.003
3.86213
3.70876
3.54349
3.36697
3.17988
2.98296
2.77698
2.56275
2.34115
2.11309
1.87959
1.6418
1.40109
1.15928
0.919194
0.686372
0.475201
0.332519
0.353676
0.517022
0.730378
0.958149
1.18915
1.41881
1.64471
1.86526
2.07928
2.28578
2.48391
2.67291
2.8521
3.02084
3.17857
3.32476
3.45894
3.58068
3.68962
3.78542
3.86782
3.93657
3.99151
4.03251
4.05949
4.07243
4.07133
4.05629
4.0274
3.98484
3.92883
3.85962
3.77752
3.68288
3.57609
3.45759
3.32784
3.18738
3.03674
2.87651
2.70733
2.52986
2.34479
2.15287
1.9549
1.75172
1.54428
1.33369
1.12133
0.909177
0.70068
0.503623
0.341288
0.28268
0.378122
0.550792
0.746639
0.948893
1.15157
1.35184
1.54803
1.73896
1.92367
2.10138
2.27137
2.43302
2.58575
2.72904
2.8624
2.9854
3.09765
3.1988
3.28854
3.36661
3.4328
3.48692
3.52884
3.55848
3.5758
3.58078
3.57348
3.55397
3.52238
3.47889
3.4237
3.35705
3.27925
3.19061
3.0915
2.98232
2.8635
2.7355
2.59884
2.45404
2.30166
2.14231
1.97662
1.80525
1.62892
1.44844
1.26467
1.07869
0.891934
0.706621
0.527146
0.36498
0.257249
0.27675
0.403982
0.568968
0.744908
0.923296
1.10064
1.27507
1.44537
1.61061
1.77004
1.923
2.06891
2.20723
2.33748
2.45921
2.57202
2.67555
2.76946
2.85347
2.92733
2.99082
3.04376
3.08602
3.11751
3.13815
3.14793
3.14687
3.13502
3.11247
3.07935
3.03584
2.98212
2.91845
2.84508
2.76232
2.67051
2.57002
2.46125
2.34462
2.22058
2.08963
1.95227
1.80905
1.66053
1.50732
1.35009
1.18956
1.02657
0.862171
0.697865
0.536265
0.383318
0.257192
0.21323
0.290356
0.425759
0.578084
0.734924
0.891876
1.04685
1.19861
1.34624
1.48903
1.62638
1.75776
1.88266
2.00067
2.11136
2.21436
2.30936
2.39603
2.47412
2.54339
2.60363
2.65468
2.69639
2.72868
2.75146
2.76471
2.76843
2.76263
2.74741
2.72284
2.68906
2.64623
2.59454
2.53423
2.46553
2.38873
2.30414
2.2121
2.11297
2.00713
1.89499
1.777
1.65362
1.52532
1.39264
1.25613
1.11639
0.974102
0.830094
0.685453
0.541887
0.402774
0.277052
0.194283
0.212277
0.312955
0.441591
0.578163
0.716389
0.853681
0.988645
1.12036
1.24813
1.37137
1.48958
1.60232
1.70917
1.80977
1.90376
1.99084
2.07073
2.14318
2.20796
2.26488
2.31378
2.35452
2.38699
2.41113
2.42689
2.43424
2.43322
2.42385
2.40621
2.38041
2.34657
2.30484
2.25542
2.19852
2.13436
2.06321
1.98536
1.90111
1.81079
1.71476
1.61339
1.50707
1.39624
1.28132
1.16279
1.04117
0.917011
0.790975
0.663883
0.536916
0.412145
0.294309
0.197923
0.166324
0.227438
0.332448
0.450256
0.571486
0.692779
0.812533
0.929781
1.04383
1.15414
1.26023
1.36168
1.45813
1.54923
1.63467
1.71416
1.78745
1.85429
1.9145
1.96787
2.01426
2.05353
2.08558
2.11034
2.12775
2.13779
2.14045
2.13576
2.12378
2.10457
2.07825
2.04493
2.00477
1.95794
1.90464
1.84509
1.77952
1.7082
1.6314
1.54943
1.46261
1.37128
1.27579
1.17652
1.07387
0.968288
0.860229
0.750231
0.638935
0.527201
0.416382
0.30918
0.212772
0.150689
0.166759
0.245169
0.344628
0.450113
0.55685
0.662856
0.767056
0.868739
0.967366
1.06249
1.15372
1.24072
1.32317
1.40077
1.47327
1.54042
1.60202
1.65786
1.70778
1.75162
1.78926
1.8206
1.84555
1.86406
1.87609
1.88164
1.88071
1.87333
1.85957
1.8395
1.81322
1.78085
1.74254
1.69844
1.64875
1.59365
1.53338
1.46816
1.39826
1.32395
1.24551
1.16325
1.0775
0.988599
0.896908
0.802821
0.706775
0.609272
0.510945
0.4127
0.316133
0.224916
0.150452
0.127129
0.175911
0.257827
0.349233
0.443119
0.536976
0.6296
0.72026
0.80843
0.893687
0.975674
1.05407
1.12858
1.19896
1.26494
1.32633
1.38291
1.43451
1.48096
1.52213
1.5579
1.58816
1.61284
1.63187
1.64523
1.65287
1.65482
1.65108
1.6417
1.62674
1.60627
1.5804
1.54924
1.51292
1.47161
1.42546
1.37466
1.31941
1.25994
1.19648
1.12926
1.05856
0.984648
0.90782
0.828387
0.746681
0.663066
0.577954
0.491839
0.405384
0.319635
0.236691
0.162186
0.114814
0.128834
0.19044
0.267742
0.349481
0.432096
0.514096
0.59467
0.673279
0.74951
0.823021
0.893515
0.960724
1.0244
1.08434
1.14032
1.19216
1.2397
1.28278
1.32128
1.35508
1.38408
1.40821
1.42739
1.44159
1.45079
1.45496
1.45413
1.44831
1.43756
1.42193
1.40149
1.37636
1.34663
1.31242
1.2739
1.2312
1.18449
1.13398
1.07984
1.0223
0.96157
0.897897
0.831528
0.762728
0.69178
0.618988
0.544691
0.469278
0.393244
0.317298
0.242697
0.172354
0.115367
0.0987562
0.137477
0.201102
0.271851
0.344452
0.417003
0.488585
0.558638
0.626757
0.692618
0.755942
0.816485
0.874022
0.928351
0.979286
1.02666
1.07031
1.11011
1.14592
1.17765
1.2052
1.22849
1.24747
1.26207
1.27229
1.27809
1.27948
1.27648
1.26912
1.25744
1.24151
1.2214
1.19721
1.16903
1.13699
1.10121
1.06185
1.01905
0.972987
0.92384
0.8718
0.817071
0.759866
0.700412
0.638951
0.575742
0.511065
0.445242
0.378658
0.311832
0.245589
0.181594
0.124345
0.0887054
0.100789
0.148853
0.208711
0.271911
0.335759
0.399117
0.461364
0.522084
0.58096
0.637727
0.692157
0.744042
0.793196
0.839446
0.882638
0.922628
0.959288
0.992502
1.02217
1.0482
1.07052
1.08907
1.1038
1.11468
1.12169
1.12482
1.12408
1.11949
1.11108
1.0989
1.08302
1.0635
1.04043
1.01391
0.984055
0.950974
0.914805
0.87569
0.833782
0.789245
0.742252
0.692987
0.641643
0.588425
0.533552
0.47726
0.41981
0.361506
0.302732
0.244043
0.186423
0.132177
0.0885245
0.0766369
0.107226
0.156596
0.211333
0.26746
0.323529
0.37884
0.432962
0.485584
0.536457
0.585366
0.632122
0.676551
0.718498
0.757819
0.794384
0.828072
0.858777
0.886404
0.91087
0.932103
0.950044
0.964645
0.975871
0.983699
0.988117
0.989126
0.986739
0.98098
0.971885
0.959503
0.943891
0.925121
0.903273
0.878439
0.850719
0.820226
0.787081
0.751413
0.713362
0.673077
0.630715
0.58644
0.540429
0.492868
0.443956
0.393911
0.34298
0.29146
0.239751
0.188488
0.138964
0.0947051
0.0675207
0.0778217
0.115564
0.162084
0.211059
0.260477
0.309487
0.357619
0.40456
0.450065
0.493933
0.535987
0.576069
0.614035
0.649752
0.683101
0.713972
0.742264
0.767891
0.790772
0.810841
0.82804
0.842321
0.853649
0.861998
0.867352
0.869708
0.86907
0.865456
0.858892
0.849415
0.837071
0.821919
0.804024
0.783462
0.760318
0.734686
0.706667
0.676373
0.643922
0.609441
0.573064
0.534932
0.495196
0.454015
0.411557
0.368006
0.323564
0.278467
0.233013
0.187636
0.143109
0.101252
0.0678102
0.0594191
0.083654
0.122014
0.164396
0.20781
0.251162
0.293916
0.335744
0.376407
0.415713
0.453496
0.48961
0.523923
0.556312
0.586669
0.614891
0.640886
0.664574
0.685879
0.704737
0.721095
0.734905
0.746132
0.754749
0.760737
0.764088
0.764803
0.762892
0.758375
0.751279
0.741642
0.729509
0.714935
0.697983
0.678723
0.657235
0.633604
0.607925
0.580299
0.550834
0.519644
0.486851
0.452584
0.416979
0.380179
0.34234
0.303631
0.264244
0.224411
0.184446
0.144851
0.106652
0.0726708
0.0522844
0.0609623
0.0903598
0.126364
0.164222
0.20241
0.240276
0.277459
0.313717
0.348863
0.382739
0.415211
0.446156
0.475461
0.503027
0.528759
0.552573
0.574393
0.594149
0.611783
0.62724
0.640478
0.651461
0.660159
0.666554
0.670634
0.672396
0.671844
0.668992
0.66386
0.656478
0.646881
0.635114
0.621228
0.605283
0.587343
0.567482
0.545779
0.522319
0.497194
0.470503
0.442348
0.412841
0.382097
0.350238
0.317397
0.283715
0.249348
0.214481
0.179345
0.144281
0.109896
0.0776347
0.0520689
0.0462095
0.0653307
0.0950853
0.12787
0.161428
0.194928
0.22796
0.260273
0.291682
0.322039
0.351218
0.379104
0.405595
0.430599
0.454029
0.475808
0.495865
0.514136
0.530565
0.545102
0.557705
0.568338
0.576975
0.583592
0.588178
0.590726
0.591236
0.589717
0.586182
0.580655
0.573164
0.563745
0.552439
0.539296
0.52437
0.507722
0.48942
0.469535
0.448146
0.425336
0.401195
0.375816
0.349298
0.321748
0.293275
0.264001
0.234055
0.203586
0.172773
0.141858
0.111231
0.0816914
0.0554583
0.0399716
0.0472188
0.0702299
0.098176
0.127494
0.157039
0.186322
0.215069
0.243094
0.270255
0.296432
0.321519
0.345423
0.368058
0.389345
0.409212
0.427596
0.444435
0.459678
0.473279
0.485196
0.495395
0.50385
0.510539
0.515446
0.518562
0.519886
0.519421
0.517178
0.513172
0.507426
0.499969
0.490834
0.480062
0.467698
0.453793
0.438403
0.421591
0.403421
0.383966
0.363301
0.341507
0.318668
0.294875
0.270222
0.244812
0.218753
0.192168
0.165199
0.138027
0.110916
0.0843436
0.0594512
0.0398742
0.0358265
0.0509497
0.0740648
0.099449
0.125406
0.151306
0.176839
0.201811
0.226081
0.249535
0.272074
0.293613
0.314071
0.333377
0.351465
0.368275
0.383752
0.397847
0.410516
0.421722
0.431431
0.439617
0.446258
0.451338
0.454847
0.45678
0.457137
0.455924
0.453155
0.448845
0.443016
0.435698
0.426922
0.416726
0.405152
0.392248
0.378067
0.362663
0.346097
0.328435
0.309745
0.2901
0.269577
0.248257
0.226227
0.203579
0.180415
0.15685
0.133024
0.109126
0.0854631
0.0626689
0.0425123
0.0308971
0.0369168
0.0548469
0.076486
0.099157
0.121994
0.144623
0.166834
0.188485
0.209466
0.229683
0.249057
0.267514
0.284988
0.301419
0.316751
0.330934
0.343922
0.355676
0.366158
0.375339
0.383191
0.389693
0.39483
0.398589
0.400964
0.401953
0.401559
0.399791
0.39666
0.392185
0.386388
0.379294
0.370935
0.361347
0.350568
0.338644
0.32562
0.311549
0.296485
0.280487
0.263619
0.245944
0.227534
0.208462
0.188805
0.168651
0.148092
0.12724
0.106236
0.0852864
0.0647697
0.0455918
0.0306494
0.0279105
0.0398192
0.0577416
0.0773749
0.097438
0.117452
0.137179
0.15647
0.175217
0.193331
0.210737
0.227369
0.243163
0.258067
0.272027
0.284998
0.296939
0.30781
0.317578
0.326215
0.333694
0.339995
0.345102
0.349002
0.351687
0.353153
0.353402
0.352438
0.35027
0.346912
0.34238
0.336697
0.329888
0.321981
0.313011
0.303013
0.292028
0.280099
0.267273
0.2536
0.239134
0.22393
0.208049
0.191553
0.17451
0.15699
0.139072
0.120846
0.10242
0.0839408
0.0656475
0.0480373
0.0325089
0.0237414
0.0287041
0.0426993
0.0594739
0.0770175
0.0946777
0.112171
0.129338
0.146069
0.162279
0.177898
0.192863
0.207118
0.220612
0.233298
0.245134
0.256081
0.266103
0.27517
0.283254
0.29033
0.296379
0.301384
0.305333
0.308217
0.31003
0.310772
0.310444
0.309054
0.306611
0.303129
0.298624
0.293118
0.286634
0.2792
0.270846
0.261607
0.251519
0.240621
0.228958
0.216573
0.203515
0.189836
0.175589
0.16083
0.145622
0.130029
0.114125
0.0979963
0.0817514
0.0655521
0.0496936
0.0348904
0.0234433
0.0216092
0.0310189
0.0449455
0.0601501
0.0756709
0.0911463
0.106395
0.121305
0.135791
0.149786
0.163233
0.176079
0.188277
0.199785
0.210562
0.220574
0.229788
0.238175
0.245709
0.252366
0.258129
0.26298
0.266908
0.269902
0.271956
0.273068
0.273239
0.272472
0.270774
0.268157
0.264632
0.260218
0.254933
0.2488
0.241845
0.234097
0.225586
0.216346
0.206413
0.195827
0.184628
0.17286
0.160569
0.147804
0.134617
0.121063
0.107203
0.0931066
0.0788581
0.0645722
0.0504369
0.0368453
0.024911
0.0183428
0.0224201
0.0333226
0.0463134
0.0598816
0.0735336
0.0870533
0.100318
0.113245
0.125768
0.137832
0.14939
0.160398
0.170816
0.180609
0.189744
0.198191
0.205922
0.212914
0.219145
0.224597
0.229255
0.233105
0.236138
0.238347
0.239729
0.240282
0.240009
0.238914
0.237005
0.234294
0.230792
0.226516
0.221485
0.215719
0.209244
0.202084
0.194269
0.185829
0.176798
0.16721
0.157103
0.146516
0.135491
0.124073
0.112308
0.100247
0.0879475
0.0754761
0.0629183
0.0504009
0.038157
0.0267549
0.0180289
0.0168502
0.0242492
0.0350453
0.0468049
0.0588016
0.07076
0.0825418
0.0940595
0.105249
0.116059
0.126443
0.136362
0.145779
0.154662
0.16298
0.170705
0.177814
0.184282
0.19009
0.19522
0.199659
0.203392
0.206412
0.208709
0.21028
0.211123
0.211238
0.210629
0.2093
0.207259
0.204519
0.20109
0.196989
0.192233
0.186843
0.180839
0.174246
0.16709
0.159399
0.151204
0.142536
0.133428
0.123918
0.114041
0.103839
0.0933548
0.0826349
0.0717333
0.0607154
0.0496708
0.0387464
0.0282518
0.0190698
0.014137
0.0174675
0.0259637
0.0360274
0.046523
0.0570778
0.0675273
0.0777781
0.0877659
0.0974404
0.10676
0.115686
0.124187
0.132232
0.139792
0.146843
0.153362
0.159327
0.16472
0.169525
0.173727
0.177314
0.180277
0.182609
0.184303
0.185357
0.185771
0.185546
0.184686
0.183197
0.181086
0.178366
0.175047
0.171145
0.166675
0.161657
0.15611
0.150057
0.143521
0.136528
0.129106
0.121283
0.113089
0.104558
0.0957225
0.08662
0.0772896
0.0677755
0.0581293
0.0484174
0.0387384
0.0292749
0.0204749
0.0137947
0.0130529
0.0188876
0.0272736
0.0363795
0.0456596
0.0549059
0.0640131
0.0729145
0.081561
0.0899124
0.0979342
0.105596
0.112869
0.119728
0.126149
0.132112
0.137598
0.142588
0.147067
0.151022
0.154442
0.157317
0.159639
0.161402
0.162605
0.163244
0.16332
0.162836
0.161796
0.160206
0.158075
0.155412
0.152229
0.14854
0.144361
0.139708
0.1346
0.129058
0.123102
0.116757
0.110047
0.102997
0.0956368
0.0879943
0.0801008
0.0719896
0.0636973
0.0552656
0.0467455
0.0382067
0.0297647
0.0216639
0.0146067
0.0109194
0.0136348
0.0202523
0.0280465
0.0361645
0.0443241
0.0524003
0.0603217
0.0680387
0.0755127
0.0827112
0.0896056
0.0961702
0.102381
0.108218
0.11366
0.11869
0.123292
0.127451
0.131155
0.134392
0.137154
0.139434
0.141224
0.142522
0.143326
0.143634
0.143448
0.142771
0.141608
0.139965
0.137851
0.135274
0.132246
0.12878
0.12489
0.120592
0.115903
0.110841
0.105426
0.09968
0.0936245
0.0872834
0.0806816
0.0738457
0.0668039
0.0595868
0.0522287
0.0447698
0.0372617
0.0297821
0.022475
0.0156965
0.010607
0.0101759
0.0147591
0.0212603
0.0283038
0.0354774
0.0426229
0.0496598
0.0565367
0.0632159
0.0696664
0.0758615
0.0817775
0.0873927
0.0926874
0.0976437
0.102245
0.106477
0.110325
0.113779
0.116827
0.11946
0.121673
0.123458
0.124811
0.12573
0.126214
0.126263
0.125878
0.125064
0.123825
0.122168
0.1201
0.11763
0.114769
0.11153
0.107924
0.103967
0.0996747
0.0950633
0.0901511
0.0849571
0.0795016
0.073806
0.0678929
0.0617863
0.0555121
0.0490985
0.0425782
0.0359903
0.0293895
0.0228663
0.0166137
0.0111898
0.00843446
0.0106372
0.0157885
0.021824
0.0281022
0.0344098
0.0406513
0.0467721
0.0527342
0.0585079
0.064068
0.0693927
0.0744619
0.0792575
0.0837632
0.0879636
0.0918452
0.0953953
0.0986031
0.101459
0.103954
0.106081
0.107835
0.109211
0.110206
0.110818
0.111048
0.110896
0.110364
0.109457
0.108178
0.106535
0.104535
0.102187
0.0994997
0.0964851
0.0931552
0.0895232
0.0856035
0.0814113
0.0769631
0.0722761
0.0673687
0.0622601
0.0569709
0.051523
0.0459401
0.0402486
0.0344797
0.0286737
0.0228909
0.0172443
0.0120151
0.00812484
0.00789447
0.0115008
0.0165477
0.0220002
0.0275485
0.0330728
0.0385118
0.0438262
0.048987
0.0539705
0.058756
0.0633252
0.0676616
0.0717498
0.075576
0.0791276
0.0823929
0.0853618
0.0880251
0.0903747
0.0924039
0.0941071
0.0954798
0.0965187
0.0972218
0.0975883
0.0976184
0.0973137
0.0966768
0.0957115
0.0944227
0.0928165
0.0909001
0.0886816
0.0861702
0.0833762
0.0803108
0.0769861
0.0734152
0.069612
0.0655913
0.0613688
0.056961
0.0523854
0.0476607
0.0428068
0.0378457
0.0328025
0.027708
0.0226048
0.0175636
0.0127369
0.00856788
0.0065126
0.00829687
0.0123082
0.016983
0.0218394
0.026716
0.0315402
0.0362702
0.0408769
0.0453374
0.0496324
0.0537449
0.0576595
0.0613623
0.0648406
0.0680827
0.0710779
0.0738167
0.0762905
0.0784919
0.0804143
0.0820523
0.0834014
0.0844584
0.0852209
0.0856877
0.0858583
0.0857338
0.085316
0.0846076
0.0836126
0.0823357
0.0807829
0.0789607
0.0768771
0.0745404
0.0719603
0.0691469
0.0661113
0.0628655
0.0594219
0.0557942
0.0519963
0.0480433
0.043951
0.0397365
0.035418
0.0310161
0.0265552
0.0220665
0.0175974
0.013237
0.00920855
0.00624579
0.0061516
0.00898155
0.0128944
0.0171124
0.0214016
0.0256711
0.0298738
0.0339798
0.0379665
0.0418157
0.0455116
0.04904
0.0523881
0.0555441
0.0584973
0.0612379
0.0637571
0.0660469
0.0681003
0.0699111
0.0714741
0.0727849
0.0738401
0.0746372
0.0751748
0.075452
0.0754692
0.0752276
0.0747292
0.073977
0.0729748
0.0717274
0.0702402
0.0685197
0.0665729
0.0644079
0.0620332
0.0594584
0.0566934
0.053749
0.0506369
0.047369
0.0439581
0.0404179
0.0367628
0.0330082
0.0291711
0.0252712
0.0213322
0.0173874
0.0134926
0.00976798
0.00656629
0.00503784
0.00647696
0.00959729
0.0132165
0.0170227
0.0207482
0.0244745
0.0281274
0.0316845
0.035128
0.0384434
0.0416733
0.044674
0.198469
0.836631
1.02703
1.18283
1.30086
1.38088
1.43811
1.48293
1.51776
1.54215
1.55586
1.55916
1.55274
1.53811
1.51775
1.49466
1.47154
1.45022
1.43143
1.41511
1.40079
1.3881
1.377
1.36785
1.3612
1.35748
1.35675
1.35857
1.36202
1.36593
1.3691
1.37057
1.36978
1.36662
1.36147
1.35503
1.34823
1.34206
1.33742
1.33503
1.33535
1.33859
1.34473
1.35357
1.36476
1.37788
1.39241
1.40778
1.4234
1.43867
1.45301
1.46587
1.47682
1.48551
1.49174
1.49541
1.49659
1.49545
1.49226
1.48734
1.48106
1.4738
1.46591
1.4577
1.44944
1.44133
1.43351
1.42608
1.41908
1.4125
1.40627
1.40032
1.39453
1.38877
1.3829
1.3768
1.37036
1.36353
1.35628
1.34863
1.34065
1.33247
1.3242
1.316
1.30803
1.30041
1.29324
1.28661
1.28053
1.275
1.26997
1.26537
1.26109
1.25703
1.25306
1.24908
1.24499
1.24071
1.23618
1.23138
1.22631
1.221
1.21547
1.2098
1.20407
1.19833
1.19267
1.18715
1.18181
1.17671
1.17184
1.16722
1.16284
1.15866
1.15467
1.15083
1.14711
1.14347
1.13991
1.1364
1.13295
1.12958
1.12628
1.1231
1.12007
1.11721
1.11455
1.11213
1.10996
1.10807
1.10644
1.10509
1.104
1.10315
1.10252
1.10209
1.10182
1.10169
1.10168
1.10177
1.10194
1.10219
1.1025
1.1029
1.10337
1.10392
1.10457
1.10531
1.10615
1.1071
1.10815
1.10928
1.1105
1.11176
1.11306
1.11437
1.11566
1.1169
1.11806
1.11911
1.12002
1.12076
1.12131
1.12164
1.12173
1.12156
1.1211
1.12035
1.11927
1.11786
1.11609
1.11396
1.11146
1.10857
1.1053
1.10164
1.0976
1.09319
1.08842
1.08331
1.07788
1.07216
1.06618
1.05999
1.0536
1.04707
1.04043
1.03372
1.02698
1.02024
1.01354
1.00691
1.00038
0.993967
0.987695
0.981579
0.975633
0.969867
0.964288
0.958901
0.953707
0.948704
0.943891
0.939263
0.934811
0.930529
0.926407
0.922431
0.918591
0.914873
0.911262
0.907745
0.904307
0.900936
0.897619
0.894346
0.891107
0.887896
0.884708
0.881543
0.8784
0.875283
0.872197
0.869151
0.866154
0.863217
0.860351
0.85757
0.854885
0.85231
0.849857
0.847538
0.845362
0.84334
0.84148
0.83979
0.838275
0.83694
0.83579
0.834826
0.834051
0.833462
0.83306
0.832842
0.832802
0.832935
0.833233
0.833687
0.834286
0.835017
0.835867
0.836821
0.837862
0.838972
0.840134
0.84133
0.84254
0.843746
0.84493
0.846074
0.84716
0.848171
0.849091
0.849905
0.850598
0.851157
0.851569
0.851822
0.851906
0.85181
0.851524
0.851041
0.850354
0.849455
0.848341
0.847007
0.84545
0.843669
0.841664
0.839436
0.836986
0.83432
0.831442
0.828358
0.825076
0.821605
0.817954
0.814135
0.810159
0.806039
0.801787
0.797418
0.792947
0.788387
0.783754
0.779065
0.774333
0.769576
0.764809
0.760048
0.755308
0.750603
0.745949
0.741359
0.736845
0.73242
0.728094
0.723876
0.719774
0.715794
0.711942
0.708221
0.704632
0.701175
0.697851
0.694655
0.691584
0.688633
0.685797
0.683069
0.680442
0.677908
0.675461
0.673092
0.670795
0.668563
0.666388
0.664267
0.662193
0.660162
0.658173
0.656222
0.654309
0.652435
0.6506
0.648808
0.647061
0.645365
0.643725
0.642146
0.640637
0.639204
0.637854
0.636596
0.635438
0.634386
0.633448
0.632629
0.631936
0.631373
0.630943
0.630648
0.630488
0.630463
0.630571
0.630806
0.631164
0.631637
0.632218
0.632896
0.63366
0.634498
0.635396
0.636341
0.637318
0.638311
0.639304
0.640282
0.641228
0.642127
0.642962
0.643719
0.644383
0.644939
0.645374
0.645677
0.645834
0.645837
0.645676
0.645342
0.64483
0.644133
0.643248
0.642172
0.640904
0.639444
0.637792
0.635952
0.633928
0.631724
0.629347
0.626804
0.624104
0.621255
0.618268
0.615154
0.611924
0.608591
0.605168
0.601667
0.598101
0.594484
0.59083
0.587152
0.583462
0.579774
0.5761
0.572451
0.568839
0.565273
0.561764
0.558319
0.554947
0.551653
0.548443
0.545321
0.542291
0.539354
0.536512
0.533766
0.531113
0.528554
0.526085
0.523704
0.521408
0.519191
0.517051
0.514983
0.512982
0.511043
0.509164
0.507338
0.505564
0.503837
0.502155
0.500515
0.498916
0.497356
0.495836
0.494356
0.492917
0.49152
0.490168
0.488864
0.487611
0.486413
0.485275
0.4842
0.483194
0.48226
0.481405
0.480631
0.479944
0.479347
0.478843
0.478436
0.478126
0.477915
0.477804
0.477791
0.477875
0.478054
0.478324
0.47868
0.479116
0.479626
0.480203
0.480838
0.481522
0.482245
0.482997
0.483767
0.484544
0.485316
0.48607
0.486797
0.487483
0.488117
0.488688
0.489185
0.489598
0.489916
0.49013
0.490232
0.490214
0.490069
0.489791
0.489376
0.488817
0.488114
0.487263
0.486264
0.485116
0.483821
0.48238
0.480796
0.479074
0.477218
0.475234
0.473128
0.470909
0.468583
0.466159
0.463647
0.461057
0.458399
0.455682
0.452918
0.450118
0.447292
0.44445
0.441604
0.438763
0.435938
0.433138
0.43037
0.427645
0.424968
0.422348
0.419788
0.417296
0.414873
0.412525
0.410252
0.408057
0.40594
0.403901
0.401937
0.400049
0.398233
0.396486
0.394805
0.393186
0.391625
0.390118
0.38866
0.387249
0.385878
0.384545
0.383247
0.381979
0.38074
0.379526
0.378338
0.377173
0.376031
0.374913
0.373819
0.372751
0.371711
0.370701
0.369725
0.368785
0.367886
0.367031
0.366225
0.365472
0.364776
0.364141
0.363572
0.363071
0.362643
0.362289
0.362012
0.361813
0.361694
0.361653
0.361691
0.361805
0.361993
0.362252
0.362577
0.362963
0.363406
0.363897
0.36443
0.364998
0.365591
0.366202
0.366821
0.36744
0.368049
0.368638
0.369198
0.369721
0.370196
0.370616
0.370972
0.371256
0.371461
0.37158
0.371607
0.371537
0.371364
0.371084
0.370695
0.370194
0.369579
0.368849
0.368005
0.367046
0.365975
0.364793
0.363503
0.36211
0.360617
0.359029
0.357353
0.355594
0.353758
0.351853
0.349886
0.347865
0.345798
0.343692
0.341557
0.339399
0.337228
0.335051
0.332876
0.33071
0.328561
0.326436
0.32434
0.32228
0.32026
0.318285
0.316359
0.314486
0.312668
0.310906
0.309203
0.307558
0.305972
0.304444
0.302973
0.301558
0.300195
0.298884
0.297621
0.296403
0.295228
0.294092
0.292992
0.291926
0.29089
0.289883
0.288901
0.287944
0.287008
0.286094
0.285201
0.284327
0.283474
0.282642
0.281832
0.281046
0.280285
0.279552
0.27885
0.27818
0.277547
0.276954
0.276402
0.275897
0.27544
0.275035
0.274685
0.274391
0.274156
0.273981
0.273867
0.273815
0.273825
0.273895
0.274024
0.274211
0.274452
0.274744
0.275082
0.275463
0.275881
0.276331
0.276806
0.277299
0.277804
0.278314
0.278822
0.279319
0.2798
0.280256
0.28068
0.281065
0.281405
0.281692
0.281922
0.282087
0.282184
0.282206
0.282151
0.282014
0.281792
0.281484
0.281086
0.280599
0.280021
0.279352
0.278594
0.277748
0.276816
0.2758
0.274703
0.273529
0.272282
0.270967
0.269589
0.268153
0.266665
0.26513
0.263556
0.261947
0.260312
0.258655
0.256985
0.255306
0.253626
0.251951
0.250286
0.248636
0.247008
0.245406
0.243835
0.242297
0.240798
0.239338
0.237922
0.23655
0.235224
0.233945
0.232713
0.231528
0.230388
0.229293
0.228241
0.227231
0.22626
0.225326
0.224426
0.223559
0.222721
0.22191
0.221124
0.220359
0.219615
0.218889
0.218179
0.217485
0.216805
0.216139
0.215486
0.214847
0.214221
0.213611
0.213016
0.212439
0.211882
0.211345
0.210833
0.210346
0.209888
0.209461
0.209067
0.20871
0.208392
0.208114
0.207879
0.207689
0.207545
0.207447
0.207397
0.207394
0.207439
0.207529
0.207664
0.207841
0.208059
0.208314
0.208602
0.208921
0.209265
0.209629
0.21001
0.210401
0.210798
0.211194
0.211583
0.211961
0.212322
0.212659
0.212968
0.213242
0.213478
0.21367
0.213813
0.213904
0.213939
0.213914
0.213826
0.213674
0.213455
0.213168
0.212812
0.212386
0.21189
0.211325
0.210691
0.209991
0.209226
0.208399
0.207511
0.206568
0.205571
0.204524
0.203433
0.202301
0.201133
0.199933
0.198707
0.197459
0.196194
0.194918
0.193636
0.192352
0.19107
0.189796
0.188534
0.187288
0.186061
0.184857
0.183679
0.18253
0.181411
0.180324
0.179272
0.178254
0.177272
0.176326
0.175414
0.174538
0.173696
0.172886
0.172108
0.17136
0.170639
0.169945
0.169276
0.168628
0.168001
0.167393
0.166802
0.166226
0.165664
0.165115
0.164578
0.164052
0.163536
0.163032
0.162538
0.162056
0.161586
0.161128
0.160685
0.160258
0.159848
0.159458
0.159088
0.158742
0.15842
0.158126
0.157861
0.157627
0.157425
0.157258
0.157126
0.157031
0.156972
0.156952
0.156969
0.157023
0.157113
0.157238
0.157396
0.157586
0.157805
0.15805
0.158318
0.158606
0.158909
0.159224
0.159547
0.159873
0.160198
0.160518
0.160828
0.161122
0.161398
0.161651
0.161876
0.16207
0.162229
0.162348
0.162427
0.16246
0.162446
0.162382
0.162267
0.1621
0.161878
0.161601
0.16127
0.160884
0.160443
0.159949
0.159403
0.158805
0.158159
0.157466
0.15673
0.155952
0.155135
0.154284
0.153402
0.152492
0.151558
0.150605
0.149635
0.148653
0.147663
0.146669
0.145675
0.144684
0.143701
0.142727
0.141768
0.140824
0.1399
0.138997
0.138118
0.137263
0.136435
0.135635
0.134862
0.134119
0.133403
0.132716
0.132057
0.131425
0.130819
0.130237
0.129679
0.129143
0.128627
0.12813
0.12765
0.127186
0.126736
0.126299
0.125873
0.125457
0.12505
0.124652
0.124262
0.123879
0.123503
0.123135
0.122775
0.122423
0.12208
0.121748
0.121426
0.121117
0.120822
0.120542
0.120279
0.120035
0.119811
0.119609
0.11943
0.119275
0.119147
0.119045
0.118971
0.118925
0.118908
0.11892
0.11896
0.119028
0.119123
0.119244
0.119389
0.119557
0.119745
0.119951
0.120173
0.120407
0.12065
0.1209
0.121152
0.121405
0.121653
0.121894
0.122124
0.12234
0.122538
0.122716
0.12287
0.122997
0.123094
0.123159
0.123191
0.123185
0.123142
0.12306
0.122937
0.122773
0.122566
0.122318
0.122027
0.121694
0.12132
0.120906
0.120453
0.119962
0.119435
0.118874
0.118281
0.11766
0.117011
0.116338
0.115644
0.114931
0.114203
0.113463
0.112714
0.111958
0.111199
0.11044
0.109684
0.108933
0.10819
0.107458
0.106738
0.106033
0.105344
0.104674
0.104022
0.103391
0.102781
0.102192
0.101625
0.10108
0.100556
0.100053
0.0995708
0.0991081
0.0986641
0.0982377
0.0978277
0.097433
0.0970522
0.0966843
0.0963279
0.0959819
0.0956452
0.0953168
0.0949959
0.0946817
0.0943738
0.0940716
0.093775
0.093484
0.0931986
0.0929192
0.0926462
0.0923804
0.0921225
0.0918734
0.0916343
0.0914062
0.0911905
0.0909883
0.0908009
0.0906297
0.090476
0.0903408
0.0902253
0.0901304
0.0900571
0.0900059
0.0899773
0.0899715
0.0899886
0.0900283
0.0900902
0.0901735
0.0902772
0.0904001
0.0905408
0.0906976
0.0908684
0.0910513
0.091244
0.091444
0.0916488
0.0918558
0.0920622
0.0922654
0.0924626
0.092651
0.092828
0.0929909
0.0931372
0.0932645
0.0933705
0.0934531
0.0935103
0.0935405
0.0935419
0.0935134
0.0934537
0.093362
0.0932377
0.0930802
0.0928894
0.0926654
0.0924085
0.0921192
0.0917983
0.0914466
0.0910655
0.0906563
0.0902205
0.0897599
0.0892764
0.0887719
0.0882488
0.0877091
0.0871553
0.0865897
0.0860148
0.0854329
0.0848466
0.0842582
0.0836701
0.0830845
0.0825036
0.0819295
0.081364
0.080809
0.0802659
0.0797361
0.079221
0.0787214
0.0782382
0.0777718
0.0773228
0.0768911
0.0764769
0.0760799
0.0756996
0.0753356
0.0749872
0.0746536
0.0743338
0.074027
0.0737322
0.0734483
0.0731743
0.0729093
0.0726522
0.0724022
0.0721584
0.0719202
0.071687
0.0714583
0.0712337
0.0710131
0.0707964
0.0705836
0.0703751
0.0701711
0.0699723
0.0697791
0.0695923
0.0694128
0.0692414
0.0690792
0.068927
0.0687859
0.068657
0.0685412
0.0684395
0.0683527
0.0682816
0.0682269
0.0681891
0.0681685
0.0681654
0.0681799
0.0682117
0.0682605
0.0683258
0.0684068
0.0685026
0.0686121
0.068734
0.0688668
0.0690089
0.0691585
0.0693139
0.069473
0.0696338
0.0697942
0.0699522
0.0701056
0.0702522
0.0703902
0.0705173
0.0706316
0.0707314
0.0708148
0.0708802
0.0709261
0.0709512
0.0709542
0.0709341
0.07089
0.0708214
0.0707275
0.0706082
0.0704633
0.0702929
0.0700971
0.0698764
0.0696314
0.0693628
0.0690715
0.0687587
0.0684254
0.0680731
0.0677032
0.0673174
0.0669171
0.0665043
0.0660807
0.0656481
0.0652085
0.0647636
0.0643155
0.0638658
0.0634166
0.0629694
0.062526
0.0620879
0.0616566
0.0612334
0.0608196
0.0604161
0.060024
0.0596439
0.0592764
0.058922
0.0585808
0.0582531
0.0579386
0.0576373
0.0573488
0.0570727
0.0568084
0.0565552
0.0563126
0.0560796
0.0558556
0.0556396
0.055431
0.055229
0.0550327
0.0548416
0.054655
0.0544723
0.0542931
0.0541171
0.053944
0.0537737
0.0536061
0.0534414
0.0532798
0.0531216
0.0529673
0.0528172
0.0526722
0.0525327
0.0523996
0.0522736
0.0521556
0.0520464
0.0519468
0.0518576
0.0517796
0.0517135
0.0516598
0.0516192
0.051592
0.0515785
0.051579
0.0515934
0.0516216
0.0516633
0.0517182
0.0517855
0.0518646
0.0519545
0.0520542
0.0521626
0.0522784
0.0524001
0.0525264
0.0526555
0.0527861
0.0529163
0.0530446
0.0531692
0.0532885
0.0534008
0.0535046
0.0535984
0.0536806
0.0537499
0.053805
0.0538448
0.0538681
0.053874
0.0538618
0.0538308
0.0537804
0.0537102
0.05362
0.0535097
0.0533794
0.0532291
0.0530594
0.0528705
0.0526632
0.0524381
0.0521961
0.0519382
0.0516654
0.0513788
0.0510798
0.0507696
0.0504496
0.0501212
0.0497859
0.0494452
0.0491005
0.0487533
0.0484051
0.0480574
0.0477114
0.0473686
0.0470301
0.0466972
0.0463707
0.0460518
0.0457413
0.0454398
0.0451479
0.044866
0.0445946
0.0443338
0.0440836
0.043844
0.0436149
0.0433959
0.0431867
0.0429868
0.0427958
0.042613
0.0424378
0.0422696
0.0421077
0.0419516
0.0418005
0.0416539
0.0415112
0.0413719
0.0412355
0.0411018
0.0409703
0.040841
0.0407137
0.0405884
0.0404651
0.040344
0.0402254
0.0401095
0.0399968
0.0398878
0.039783
0.0396829
0.0395882
0.0394994
0.0394174
0.0393426
0.0392758
0.0392176
0.0391684
0.0391288
0.0390992
0.0390799
0.0390712
0.0390732
0.0390859
0.0391093
0.0391431
0.039187
0.0392405
0.0393031
0.039374
0.0394525
0.0395376
0.0396284
0.0397238
0.0398227
0.0399238
0.0400258
0.0401276
0.0402279
0.0403253
0.0404185
0.0405063
0.0405874
0.0406608
0.0407252
0.0407796
0.0408229
0.0408544
0.0408732
0.0408785
0.0408698
0.0408465
0.0408082
0.0407547
0.0406857
0.0406012
0.0405012
0.0403859
0.0402555
0.0401104
0.0399512
0.0397782
0.0395923
0.0393941
0.0391845
0.0389644
0.0387347
0.0384966
0.0382509
0.0379989
0.0377417
0.0374804
0.0372162
0.0369502
0.0366835
0.0364174
0.0361527
0.0358906
0.0356321
0.0353779
0.0351288
0.0348858
0.0346492
0.0344198
0.0341978
0.0339837
0.0337778
0.03358
0.0333904
0.0332091
0.0330358
0.0328702
0.0327122
0.0325613
0.0324171
0.0322791
0.0321469
0.03202
0.0318977
0.0317797
0.0316653
0.0315542
0.0314459
0.03134
0.0312362
0.0311341
0.0310337
0.0309346
0.0308369
0.0307405
0.0306455
0.0305521
0.0304604
0.0303707
0.0302834
0.0301988
0.0301173
0.0300396
0.0299659
0.029897
0.0298332
0.0297752
0.0297233
0.0296782
0.0296402
0.0296098
0.0295873
0.029573
0.0295671
0.0295696
0.0295806
0.0296001
0.0296278
0.0296636
0.029707
0.0297576
0.0298148
0.0298781
0.0299466
0.0300196
0.0300963
0.0301757
0.030257
0.030339
0.0304209
0.0305015
0.03058
0.0306552
0.0307261
0.0307919
0.0308515
0.0309041
0.0309489
0.030985
0.0310119
0.0310287
0.031035
0.0310304
0.0310143
0.0309864
0.0309467
0.0308948
0.0308308
0.0307546
0.0306665
0.0305666
0.0304552
0.0303327
0.0301995
0.0300562
0.0299033
0.0297415
0.0295715
0.029394
0.0292099
0.02902
0.0288251
0.0286262
0.0284242
0.0282199
0.0280142
0.0278082
0.0276025
0.0273981
0.0271957
0.0269962
0.0268001
0.0266082
0.026421
0.026239
0.0260626
0.0258921
0.0257279
0.0255701
0.0254187
0.0252739
0.0251355
0.0250034
0.0248775
0.0247575
0.0246431
0.0245339
0.0244296
0.0243298
0.0242341
0.0241421
0.0240533
0.0239674
0.023884
0.0238027
0.0237232
0.0236453
0.0235687
0.0234933
0.0234188
0.0233454
0.0232729
0.0232014
0.023131
0.0230619
0.0229943
0.0229284
0.0228646
0.0228032
0.0227445
0.022689
0.022637
0.0225891
0.0225455
0.0225067
0.0224731
0.022445
0.0224227
0.0224066
0.0223967
0.0223934
0.0223966
0.0224064
0.0224227
0.0224455
0.0224744
0.0225092
0.0225496
0.0225952
0.0226453
0.0226995
0.0227572
0.0228177
0.0228803
0.0229442
0.0230087
0.0230731
0.0231364
0.023198
0.023257
0.0233126
0.0233642
0.023411
0.0234523
0.0234875
0.0235159
0.0235371
0.0235506
0.0235558
0.0235525
0.0235403
0.0235191
0.0234885
0.0234486
0.0233993
0.0233407
0.0232727
0.0231957
0.0231097
0.0230152
0.0229125
0.022802
0.0226841
0.0225593
0.0224283
0.0222916
0.0221498
0.0220035
0.0218536
0.0217006
0.0215453
0.0213883
0.0212304
0.0210722
0.0209145
0.0207579
0.0206029
0.0204502
0.0203004
0.0201538
0.020011
0.0198722
0.0197379
0.0196083
0.0194836
0.0193638
0.0192492
0.0191396
0.019035
0.0189353
0.0188403
0.0187499
0.0186638
0.0185817
0.0185033
0.0184283
0.0183564
0.0182872
0.0182205
0.0181558
0.0180929
0.0180316
0.0179715
0.0179125
0.0178544
0.017797
0.0177403
0.0176842
0.0176287
0.0175739
0.0175198
0.0174666
0.0174144
0.0173635
0.0173141
0.0172665
0.017221
0.0171779
0.0171376
0.0171003
0.0170664
0.0170362
0.0170101
0.0169883
0.0169711
0.0169587
0.0169512
0.0169489
0.0169517
0.0169597
0.0169729
0.0169912
0.0170144
0.0170422
0.0170744
0.0171107
0.0171507
0.0171939
0.0172399
0.0172881
0.017338
0.017389
0.0174404
0.0174918
0.0175424
0.0175916
0.0176388
0.0176835
0.0177249
0.0177627
0.0177961
0.0178248
0.0178482
0.0178659
0.0178776
0.0178829
0.0178815
0.0178732
0.0178578
0.0178352
0.0178052
0.0177679
0.0177233
0.0176714
0.0176124
0.0175466
0.017474
0.017395
0.0173099
0.0172191
0.0171229
0.0170219
0.0169164
0.016807
0.0166941
0.0165784
0.0164603
0.0163403
0.0162192
0.0160973
0.0159752
0.0158536
0.0157327
0.0156133
0.0154956
0.0153802
0.0152674
0.0151575
0.0150509
0.0149477
0.0148483
0.0147527
0.014661
0.0145733
0.0144895
0.0144097
0.0143338
0.0142615
0.0141928
0.0141275
0.0140653
0.0140059
0.0139493
0.013895
0.0138428
0.0137925
0.0137437
0.0136964
0.0136502
0.013605
0.0135605
0.0135167
0.0134734
0.0134306
0.0133882
0.0133463
0.0133048
0.0132638
0.0132235
0.013184
0.0131454
0.013108
0.0130719
0.0130374
0.0130047
0.0129742
0.012946
0.0129204
0.0128978
0.0128783
0.0128621
0.0128495
0.0128406
0.0128356
0.0128345
0.0128375
0.0128445
0.0128556
0.0128705
0.0128893
0.0129117
0.0129376
0.0129665
0.0129983
0.0130327
0.0130691
0.0131073
0.0131467
0.0131869
0.0132275
0.013268
0.0133079
0.0133466
0.0133838
0.013419
0.0134516
0.0134813
0.0135077
0.0135303
0.0135488
0.0135629
0.0135722
0.0135766
0.0135757
0.0135695
0.0135577
0.0135403
0.0135172
0.0134884
0.013454
0.0134139
0.0133684
0.0133174
0.0132613
0.0132003
0.0131345
0.0130644
0.0129901
0.012912
0.0128306
0.0127462
0.0126591
0.0125698
0.0124788
0.0123864
0.0122931
0.0121994
0.0121055
0.012012
0.0119193
0.0118276
0.0117375
0.0116491
0.0115628
0.0114789
0.0113975
0.0113189
0.0112432
0.0111705
0.0111009
0.0110344
0.010971
0.0109107
0.0108534
0.010799
0.0107473
0.0106982
0.0106515
0.010607
0.0105645
0.0105238
0.0104848
0.010447
0.0104105
0.010375
0.0103403
0.0103062
0.0102727
0.0102396
0.0102068
0.0101743
0.0101421
0.0101101
0.0100784
0.010047
0.0100161
0.00998569
0.00995597
0.00992708
0.0098992
0.00987252
0.00984723
0.00982356
0.0098017
0.00978188
0.0097643
0.00974915
0.00973662
0.00972686
0.00972002
0.00971622
0.00971552
0.00971799
0.00972364
0.00973245
0.00974435
0.00975926
0.00977703
0.0097975
0.00982045
0.00984565
0.00987283
0.0099017
0.00993192
0.00996316
0.00999506
0.0100273
0.0100594
0.010091
0.0101218
0.0101514
0.0101794
0.0102055
0.0102292
0.0102504
0.0102686
0.0102836
0.0102952
0.0103031
0.0103071
0.0103071
0.0103028
0.0102943
0.0102813
0.010264
0.0102422
0.0102159
0.0101853
0.0101504
0.0101114
0.0100683
0.0100214
0.00997078
0.00991675
0.00985953
0.00979939
0.00973661
0.00967149
0.00960435
0.00953551
0.00946531
0.00939407
0.00932213
0.00924984
0.00917751
0.00910547
0.00903403
0.00896348
0.0088941
0.00882613
0.0087598
0.00869532
0.00863287
0.00857259
0.00851459
0.00845896
0.00840574
0.00835497
0.00830663
0.00826069
0.00821708
0.00817571
0.00813648
0.00809925
0.00806389
0.00803025
0.00799815
0.00796744
0.00793794
0.00790949
0.00788194
0.00785514
0.00782894
0.00780323
0.00777789
0.00775286
0.00772805
0.00770343
0.00767898
0.00765469
0.00763059
0.00760673
0.00758318
0.00756002
0.00753736
0.00751534
0.00749408
0.00747373
0.00745447
0.00743644
0.00741983
0.0074048
0.00739151
0.00738011
0.00737075
0.00736356
0.00735865
0.0073561
0.00735598
0.00735833
0.00736317
0.00737047
0.00738019
0.00739225
0.00740654
0.00742293
0.00744126
0.00746133
0.00748294
0.00750585
0.00752981
0.00755455
0.00757979
0.00760525
0.00763062
0.00765562
0.00767994
0.00770329
0.00772539
0.00774595
0.00776472
0.00778143
0.00779586
0.00780778
0.007817
0.00782334
0.00782664
0.00782678
0.00782364
0.00781714
0.00780722
0.00779386
0.00777705
0.0077568
0.00773315
0.00770618
0.00767597
0.00764265
0.00760634
0.00756719
0.0075254
0.00748115
0.00743464
0.00738611
0.00733579
0.00728392
0.00723076
0.00717656
0.0071216
0.00706614
0.00701042
0.00695473
0.00689929
0.00684436
0.00679016
0.0067369
0.00668478
0.00663397
0.00658464
0.00653692
0.00649092
0.00644672
0.00640439
0.00636396
0.00632545
0.00628885
0.00625412
0.00622121
0.00619005
0.00616054
0.00613259
0.00610607
0.00608087
0.00605685
0.00603389
0.00601184
