
Load Balance: 
0.345672
0.274725
0.207139
0.190815
0.207425
0.219984
0.217887
0.207319
0.198358
0.195847
0.197446
0.198996
0.19882
0.197502
0.195995
0.194594
0.193146
0.1916
0.190168
0.18911
0.188524
0.188347
0.188485
0.188893
0.189566
0.190468
0.191507
0.19255
0.193461
0.194133
0.194501
0.194543
0.194272
0.193735
0.193
0.192149
0.191266
0.190425
0.189685
0.189079
0.18862
0.188303
0.188111
0.188027
0.188033
0.188118
0.188271
0.188482
0.188739
0.189026
0.189325
0.189616
0.189883
0.190114
0.190304
0.190454
0.190571
0.190664
0.190743
0.190814
0.190878
0.190932
0.190973
0.190994
0.190991
0.190965
0.190917
0.190853
0.190779
0.190704
0.190632
0.190565
0.190502
0.190439
0.190371
0.190293
0.1902
0.190092
0.189971
0.189843
0.189715
0.189599
0.189504
0.189439
0.189408
0.189415
0.189459
0.189533
0.189632
0.189746
0.189866
0.189982
0.190088
0.190176
0.190244
0.190288
0.190311
0.190314
0.190301
0.190275
0.190241
0.190203
0.190165
0.19013
0.190102
0.19008
0.190067
0.190063
0.190067
0.190078
0.190096
0.190118
0.190144
0.190172
0.190201
0.19023
0.190257
0.190282
0.190304
0.190321
0.190335
0.190343
0.190345
0.190341
0.19033
0.190312
0.190287
0.190255
0.190216
0.190172
0.190124
0.190072
0.190019
0.189966
0.189915
0.189866
0.189821
0.189781
0.189746
0.189717
0.189694
0.189677
0.189667
0.189664
0.189666
0.189675
0.18969
0.18971
0.189736
0.189766
0.1898
0.189837
0.189876
0.189916
0.189956
0.189994
0.190032
0.190066
0.190098
0.190127
0.190152
0.190174
0.190193
0.190208
0.19022
0.190228
0.190234
0.190236
0.190235
0.190232
0.190226
0.190218
0.190207
0.190195
0.190181
0.190165
0.190148
0.190131
0.190113
0.190095
0.190076
0.190058
0.190039
0.190021
0.190003
0.189985
0.189968
0.18995
0.189933
0.189917
0.189901
0.189886
0.189873
0.189861
0.189852
0.189845
0.189841
0.18984
0.189843
0.189849
0.189859
0.189872
0.189889
0.189909
0.189931
0.189955
0.189981
0.190008
0.190035
0.190061
0.190087
0.190111
0.190133
0.190152
0.190168
0.19018
0.190188
0.190193
0.190193
0.190189
0.190181
0.19017
0.190155
0.190137
0.190117
0.190095
0.190072
0.190048
0.190024
0.19
0.189978
0.189957
0.189938
0.189922
0.189909
0.189899
0.189892
0.189889
0.189889
0.189893
0.1899
0.18991
0.189923
0.189938
0.189956
0.189975
0.189996
0.190017
0.190039
0.190061
0.190082
0.190102
0.190121
0.190138
0.190152
0.190164
0.190173
0.190179
0.190182
0.190182
0.190179
0.190173
0.190164
0.190152
0.190138
0.190122
0.190105
0.190085
0.190065
0.190045
0.190024
0.190003
0.189982
0.189962
0.189944
0.189926
0.189911
0.189897
0.189884
0.189874
0.189866
0.18986
0.189856
0.189854
0.189855
0.189857
0.189861
0.189867
0.189875
0.189885
0.189896
0.189909
0.189922
0.189937
0.189952
0.189968
0.189984
0.19
0.190016
0.190031
0.190046
0.19006
0.190073
0.190084
0.190095
0.190103
0.19011
0.190116
0.19012
0.190122
0.190122
0.190121
0.190118
0.190114
0.190109
0.190103
0.190095
0.190087
0.190079
0.19007
0.190061
0.190051
0.190042
0.190034
0.190025
0.190018
0.190011
0.190005
0.189999
0.189995
0.189991
0.189989
0.189987
0.189987
0.189987
0.189988
0.18999
0.189993
0.189996
0.189999
0.190003
0.190007
0.190011
0.190015
0.190019
0.190023
0.190027
0.19003
0.190033
0.190035
0.190037
0.190038
0.190039
0.190039
0.190039
0.190038
0.190037
0.190036
0.190034
0.190031
0.190029
0.190026
0.190023
0.19002
0.190017
0.190014
0.190011
0.190008
0.190006
0.190003
0.190001
0.19
0.189998
0.189997
0.189996
0.189996
0.189996
0.189996
0.189997
0.189998
0.189999
0.190001
0.190002
0.190005
0.190007
0.190009
0.190012
0.190014
0.190017
0.19002
0.190023
0.190025
0.190028
0.19003
0.190032
0.190034
0.190035
0.190037
0.190038
0.190038
0.190038
0.190038
0.190037
0.190036
0.190035
0.190033
0.190031
0.190028
0.190025
0.190022
0.190018
0.190014
0.19001
0.190006
0.190002
0.189998
0.189994
0.18999
0.189987
0.189984
0.189981
0.189978
0.189976
0.189974
0.189973
0.189972
0.189972
0.189972
0.189973
0.189975
0.189977
0.189979
0.189982
0.189986
0.18999
0.189994
0.189999
0.190004
0.190009
0.190015
0.19002
0.190026
0.190031
0.190036
0.190042
0.190047
0.190051
0.190055
0.190059
0.190063
0.190066
0.190068
0.19007
0.190071
0.190072
0.190072
0.190072
0.190071
0.19007
0.190068
0.190066
0.190063
0.19006
0.190057
0.190054
0.19005
0.190046
0.190042
0.190038
0.190034
0.19003
0.190026
0.190022
0.190019
0.190015
0.190012
0.190009
0.190007
0.190004
0.190002
0.19
0.189999
0.189998
0.189997
0.189997
0.189996
0.189996
0.189996
0.189996
0.189997
0.189997
0.189998
0.189998
0.189999
0.19
0.19
0.190001
0.190001
0.190002
0.190002
0.190002
0.190003
0.190003
0.190003
0.190003
0.190002
0.190002
0.190002
0.190002
0.190001
0.190001
0.190001
0.190001
0.190001
0.190001
0.190001
0.190001
0.190002
0.190002
0.190003
0.190004
0.190005
0.190007
0.190008
0.19001
0.190011
0.190013
0.190015
0.190017
0.190019
0.190021
0.190023
0.190025
0.190027
0.190029
0.190031
0.190032
0.190033
0.190035
0.190036
0.190037
0.190037
0.190037
0.190038
0.190037
0.190037
0.190036
0.190036
0.190035
0.190033
0.190032
0.19003
0.190029
0.190027
0.190025
0.190024
0.190022
0.19002
0.190018
0.190017
0.190015
0.190014
0.190012
0.190011
0.19001
0.190009
0.190009
0.190008
0.190008
0.190008
0.190008
0.190009
0.19001
0.19001
0.190011
0.190012
0.190014
0.190015
0.190017
0.190018
0.19002
0.190021
0.190023
0.190024
0.190026
0.190027
0.190029
0.19003
0.190031
0.190032
0.190033
0.190034
0.190034
0.190035
0.190035
0.190035
0.190034
0.190034
0.190034
0.190033
0.190032
0.190031
0.19003
0.190028
0.190027
0.190025
0.190024
0.190022
0.19002
0.190019
0.190017
0.190015
0.190013
0.190012
0.19001
0.190008
0.190007
0.190005
0.190004
0.190003
0.190002
0.190001
0.19
0.189999
0.189998
0.189998
0.189997
0.189997
0.189997
0.189997
0.189997
0.189997
0.189997
0.189998
0.189998
0.189999
0.189999
0.19
0.190001
0.190001
0.190002
0.190003
0.190004
0.190005
0.190006
0.190007
0.190008
0.190009
0.19001
0.190011
0.190013
0.190014
0.190015
0.190016
0.190017
0.190018
0.19002
0.190021
0.190022
0.190023
0.190024
0.190025
0.190027
0.190028
0.190029
0.19003
0.190031
0.190032
0.190032
0.190033
0.190034
0.190035
0.190035
0.190036
0.190036
0.190036
0.190037
0.190037
0.190037
0.190037
0.190037
0.190036
0.190036
0.190036
0.190035
0.190034
0.190034
0.190033
0.190032
0.190031
0.19003
0.190029
0.190027
0.190026
0.190025
0.190024
0.190022
0.190021
0.190019
0.190018
0.190017
0.190015
0.190014
0.190013
0.190012
0.190011
0.19001
0.190009
0.190008
0.190007
0.190007
0.190006
0.190006
0.190005
0.190005
0.190005
0.190005
0.190005
0.190005
0.190006
0.190006
0.190007
0.190007
0.190008
0.190008
0.190009
0.190009
0.19001
0.190011
0.190011
0.190012
0.190013
0.190013
0.190014
0.190015
0.190015
0.190016
0.190016
0.190016
0.190017
0.190017
0.190017
0.190017
0.190017
0.190017
0.190017
0.190017
0.190017
0.190017
0.190017
0.190017
0.190016
0.190016
0.190016
0.190016
0.190015
0.190015
0.190015
0.190014
0.190014
0.190014
0.190014
0.190014
0.190014
0.190013
0.190013
0.190013
0.190013
0.190014
0.190014
0.190014
0.190014
0.190014
0.190015
0.190015
0.190016
0.190016
0.190016
0.190017
0.190017
0.190018
0.190018
0.190019
0.190019
0.19002
0.189609
0.187063
0.184851
0.190372
0.192188
0.190164
0.188936
0.18851
0.188725
0.188729
0.188541
0.188258
0.188165
0.188331
0.187959
0.187026
0.185774
0.184655
0.183997
0.183847
0.18358
0.182961
0.182045
0.181216
0.180727
0.180615
0.180332
0.179733
0.178872
0.17814
0.177687
0.177494
0.177115
0.176519
0.175756
0.175115
0.174625
0.174281
0.173817
0.173245
0.172553
0.171944
0.171404
0.170974
0.170454
0.169884
0.169204
0.168609
0.168048
0.167631
0.167104
0.166563
0.165832
0.165259
0.164676
0.16441
0.163841
0.163331
0.162354
0.161866
0.161193
0.161332
0.160554
0.160141
0.158789
0.158554
0.157635
0.158341
0.157264
0.157116
0.155717
0.155511
0.154262
0.155092
0.154046
0.154262
0.152866
0.152574
0.151307
0.151778
0.150786
0.151143
0.149828
0.149689
0.148393
0.148655
0.147485
0.147957
0.146634
0.146807
0.145356
0.145668
0.144159
0.144906
0.143343
0.143996
0.142353
0.142805
0.141085
0.14184
0.140017
0.141099
0.139345
0.140086
0.138482
0.138827
0.137129
0.137826
0.136027
0.137253
0.135548
0.136204
0.134717
0.134784
0.133177
0.133748
0.132154
0.133406
0.131813
0.132254
0.130858
0.130744
0.129171
0.129818
0.128528
0.129576
0.128063
0.128173
0.126849
0.126816
0.125237
0.126153
0.124913
0.125726
0.124208
0.124131
0.122799
0.123026
0.121513
0.122581
0.121185
0.121824
0.120336
0.120299
0.118849
0.119354
0.117867
0.119011
0.117493
0.117982
0.116585
0.116581
0.115035
0.115726
0.114308
0.115458
0.113924
0.11421
0.112915
0.112876
0.111271
0.112149
0.110877
0.111928
0.110425
0.110425
0.109241
0.109193
0.107652
0.108669
0.107551
0.108338
0.106891
0.106643
0.105491
0.105614
0.104341
0.105297
0.104106
0.104571
0.103169
0.103046
0.101652
0.102294
0.100968
0.102012
0.100531
0.100841
0.0995372
0.0996185
0.0979507
0.098983
0.0975277
0.0987636
0.0972556
0.0973371
0.0962306
0.0960353
0.0942917
0.0955345
0.0945859
0.0955841
0.0941448
0.093593
0.0927722
0.0924693
0.0915406
0.0922381
0.0917465
0.0918567
0.0905706
0.0899292
0.0888878
0.0896016
0.0891208
0.0893325
0.0881079
0.0875
0.0864917
0.0871083
0.0866324
0.0868833
0.085683
0.0851443
0.0841116
0.08467
0.084091
0.0844474
0.0832349
0.0828497
0.0817427
0.0822779
0.0814356
0.0820593
0.0807793
0.0807364
0.0795306
0.0799365
0.0785088
0.0796629
0.0782368
0.0789663
0.0777113
0.07771
0.0764741
0.0767919
0.0752361
0.0768403
0.0754241
0.0761471
0.0750215
0.074547
0.073613
0.0734138
0.0727812
0.0738145
0.0731224
0.0729119
0.0718423
0.071075
0.0700848
0.0706836
0.0707557
0.0708356
0.0699154
0.0691447
0.0685331
0.0687972
0.0686543
0.0684944
0.0678179
0.067326
0.0667714
0.0667627
0.0663953
0.0662366
0.0655982
0.0653371
0.0647994
0.0647883
0.0642592
0.0641498
0.0635304
0.0634154
0.0628145
0.0627978
0.0621785
0.0621685
0.0615097
0.0615265
0.0608438
0.0609107
0.0601994
0.0603003
0.0595557
0.0596857
0.0589075
0.059072
0.0582651
0.0584648
0.0576357
0.0578593
0.0570164
0.0572516
0.0564
0.0566442
0.0557861
0.0560443
0.0551824
0.0554534
0.0545932
0.0548647
0.0540091
0.0542722
0.0534184
0.053681
0.0528263
0.0530999
0.0522504
0.0525253
0.0516894
0.051942
0.0511168
0.0513489
0.050522
0.0507676
0.0499399
0.0502101
0.0493992
0.0496479
0.0488609
0.0490543
0.0482638
0.0484564
0.0476409
0.0479121
0.0470997
0.0473983
0.0466387
0.0468213
0.0460896
0.0461725
0.0453723
0.0455877
0.0447383
0.0451822
0.044409
0.0446949
0.0440998
0.0439768
0.0432986
0.0431431
0.0423861
0.0428558
0.0421265
0.0426619
0.0421672
0.0418017
0.0413797
0.0407738
0.040334
0.0401634
0.0405954
0.040458
0.0398627
0.0395037
0.0388545
0.0386272
0.0381743
0.0384797
0.0379468
0.0381112
0.0376468
0.0373354
0.0368568
0.0365357
0.0361647
0.0362058
0.0359344
0.0358706
0.035404
0.0349742
0.0345522
0.0343361
0.0341499
0.0340927
0.0336723
0.0333405
0.0329328
0.0327749
0.0324396
0.0323362
0.0319269
0.0317053
0.0313262
0.0311795
0.0307965
0.0307262
0.0303095
0.0302236
0.0298494
0.0297034
0.0293978
0.0291774
0.0289468
0.0286943
0.028314
0.0282419
0.0278931
0.027749
0.0275147
0.0273611
0.0276469
0.0266456
0.0263423
0.0263622
0.0259113
0.0255979
0.0253309
0.0251874
0.0250266
0.025023
0.0244849
0.0241821
0.0237738
0.0235026
0.0231458
0.0229528
0.022653
0.0228664
0.022246
0.0224667
0.0215453
0.0214851
0.0209972
0.0208605
0.0207964
0.021092
0.0223468
0.0225147
0.0197176
0.0193306
0.0189982
0.0187936
0.0188908
0.0194533
0.0205764
0.0187408
0.018105
0.0177393
0.0178536
0.0183282
0.018593
0.0182376
0.0179438
0.018105
0.0248058
0.0282037
0.0349998
0.0209524
0.022149
0.0209809
0.0198546
0.0254747
0.0280575
0.0290895
0.023191
0.025921
0.0330468
0.0249253
0.0268612
0.024527
0.0239183
0.0289026
0.0288405
0.0459188
0.0292916
0.0585034
0.0314555
0.0293764
0.0283597
0.0276654
0.0345546
0.0402281
0.0471534
0.0334451
0.0331581
0.0324152
0.0303866
0.0639235
0.0561038
0.0452147
0.0361433
0.0371329
0.0356432
0.0351465
0.0448845
0.0455765
0.0575066
0.0395672
0.0515437
0.0395045
0.0372021
0.036966
0.0361152
0.0424482
0.0587864
0.0590996
0.0429292
0.0394299
0.0495766
0.0394497
0.0429299
0.0389217
0.0378831
0.0412167
0.0406138
0.0554092
0.0439991
0.0644535
0.0421482
0.0402945
0.0385943
0.0372993
0.0467428
0.0482326
0.0525466
0.0408381
0.0500057
0.0436732
0.0393745
0.0389481
0.0393276
0.0403981
0.0689062
0.0791968
0.0643693
0.0462429
0.0457846
0.0437958
0.0421053
0.0519168
0.0500559
0.0526127
0.0437881
0.0515535
0.0493707
0.0432145
0.0424524
0.0498294
0.0431529
0.061916
0.0446889
0.0431511
0.0401685
0.0389397
0.0514523
0.0459352
0.0548517
0.0414268
0.0421364
0.0400296
0.0380151
0.0577882
0.049469
0.0497246
0.0399509
0.0400005
0.0600086
0.0418778
0.0674719
0.0432215
0.0406044
0.0391607
0.0378822
0.0447558
0.0504564
0.0536424
0.0421135
0.0415172
0.0438496
0.038552
0.0666389
0.049816
0.0435459
0.039072
0.0381875
0.0395229
0.0403119
0.0544666
0.0523649
0.0620658
0.0423867
0.0483877
0.041513
0.0386075
0.040112
0.0390441
0.0426644
0.0485353
0.056862
0.0445674
0.0412074
0.0392939
0.0372362
0.0413358
0.0458497
0.0457936
0.0409332
0.0398733
0.0567597
0.041958
0.0563427
0.0396432
0.037579
0.0366478
0.0352348
0.0434819
0.0525573
0.0509038
0.0393211
0.0376382
0.0452385
0.0367745
0.046538
0.037716
0.0359975
0.0348735
0.0341717
0.0444332
0.0527495
0.0661717
0.0407541
0.0388058
0.0368658
0.0346337
0.0431436
0.0433225
0.0428927
0.0364334
0.0568294
0.0568813
0.0411004
0.0369554
0.0502739
0.0375896
0.039754
0.0357755
0.0345262
0.0415715
0.0381876
0.0499422
0.0372205
0.0391932
0.0343555
0.0328561
0.0406171
0.0356071
0.0445293
0.0345814
0.0347987
0.0324345
0.031146
0.0632714
0.0433598
0.0496414
0.0350819
0.0333106
0.034773
0.0319897
0.0402194
0.0423505
0.0389313
0.0335191
0.0391076
0.0368085
0.0339685
0.033122
0.0385927
0.0372066
0.0548434
0.0368302
0.0464574
0.0339461
0.0319022
0.0320016
0.0305536
0.0378257
0.0531205
0.0466265
0.035447
0.0324645
0.0332906
0.0310913
0.0353987
0.0438631
0.0395909
0.0349422
0.0319014
0.0334731
0.03277
0.0348009
0.0400643
0.0576893
0.0429948
0.036153
0.0322619
0.0311342
0.0318395
0.033439
0.0412536
0.0482895
0.0434756
0.0341801
0.0331492
0.0337746
0.0309842
0.0441937
0.0485946
0.039158
0.0324779
0.0344044
0.0313964
0.0312604
0.0371851
0.0351209
0.0628934
0.0370835
0.041147
0.0323186
0.0305092
0.0336285
0.0307346
0.0372613
0.0346015
0.0351252
0.0310178
0.0346864
0.0483797
0.035061
0.0341925
0.0298684
0.0285947
0.0469783
0.0339589
0.0427867
0.0306536
0.0292134
0.029132
0.0276322
0.0387566
0.0565589
0.0444714
0.0327629
0.0304224
0.0297746
0.0288165
0.0343017
0.0410491
0.0441158
0.0331248
0.0311524
0.0334449
0.0289995
0.0365911
0.0352923
0.0315223
0.0290384
0.0403786
0.0327734
0.0347374
0.0285987
0.028194
0.0344456
0.0288611
0.054558
0.0327978
0.0309076
0.0275481
0.026394
0.0350609
0.0313268
0.0386919
0.0288667
0.030498
0.0277883
0.0262052
0.0341769
0.0317995
0.0366139
0.0279959
0.0324762
0.028868
0.0263382
0.0275453
0.0284438
0.0305267
0.037425
0.0439061
0.0356969
0.0293988
0.0285987
0.0272484
0.0271333
0.0389628
0.0376225
0.0594746
0.0329221
0.039036
0.0301776
0.0282014
0.0294798
0.0280266
0.0330722
0.0370576
0.0390083
0.0309661
0.0308101
0.0339362
0.0284892
0.0541535
0.0357647
0.0316199
0.0282077
0.0272275
0.0298157
0.0303682
0.0388251
0.0331374
0.0493299
0.031605
0.0305133
0.0278814
0.0266247
0.0383559
0.0328537
0.0376904
0.0285497
0.0288154
0.0287563
0.0265205
0.0496162
0.0661267
0.0411118
0.0321821
0.0309264
0.0292887
0.0294911
0.0346609
0.0346438
0.0433227
0.0323923
0.0430499
0.0315978
0.0294095
0.0286172
0.0276179
0.0328225
0.0407838
0.0426775
0.0319363
0.0295773
0.0336242
0.0283827
0.032808
0.0301326
0.0286385
0.0286577
0.0308183
0.0358817
0.0689496
0.0402597
0.0339807
0.0301435
0.0288416
0.0299595
0.0306876
0.0339939
0.0370673
0.0434963
0.0337236
0.0328988
0.030279
0.0285027
0.0430355
0.0344179
0.0358096
0.0291462
0.0285605
0.0355264
0.0292217
0.0462644
0.0312149
0.0295993
0.027522
0.0266564
0.0343486
0.0328256
0.0402784
0.0294886
0.0355564
0.0291249
0.0272905
0.0275878
0.0269826
0.0317063
0.0479433
0.051633
0.0337171
0.0297545
0.0315242
0.028248
0.0299771
0.0321401
0.0303063
0.0332796
0.0325598
0.0337973
0.0310759
0.0413949
0.0385811
0.0337763
0.0294434
0.032211
0.0301026
0.0296229
0.0307481
0.0324416
0.0505305
0.0408738
0.0373684
0.0304748
0.0298275
0.0317635
0.0294367
0.0364357
0.0340409
0.0331479
0.0293925
0.0321239
0.0396283
0.0317456
0.0318557
0.0291061
0.0281744
0.051643
0.0347494
0.0416161
0.0307068
0.0292272
0.0296082
0.0283474
0.0335604
0.0397004
0.0373333
0.0309686
0.0298256
0.0322134
0.0292114
0.0369735
0.0326456
0.0312627
0.0287438
0.0292559
0.0349435
0.0316326
0.0441808
0.0313588
0.0313736
0.0286864
0.027815
0.0432617
0.032843
0.0381667
0.0297888
0.0288258
0.0292538
0.0280842
0.0363002
0.0421361
0.0378444
0.0305966
0.0302233
0.0304456
0.0289393
0.0403545
0.0438086
0.036854
0.0308925
0.0321483
0.0303447
0.0298373
0.0340203
0.0334737
0.0432689
0.0326038
0.0429448
0.0320227
0.0304051
0.0298569
0.0292044
0.0332361
0.0388586
0.0413925
0.0326992
0.0311743
0.0326412
0.0299715
0.03451
0.0345944
0.032238
0.0306259
0.0484931
0.0355343
0.0362092
0.0310379
0.0302286
0.0386523
0.0318882
0.0374051
0.0312317
0.0304771
0.0303134
0.0297336
0.0403069
0.0599833
0.0497668
0.0354791
0.0333028
0.0329976
0.0320263
0.0342542
0.036239
0.0367642
0.0347505
0.0348493
0.0383538
0.0358232
0.0505059
0.0366399
0.0362843
0.0330453
0.0321786
0.0428357
0.0351278
0.0394598
0.0332107
0.032457
0.0327854
0.0318587
0.0407949
0.0472725
0.042144
0.0344415
0.0338649
0.033734
0.0326297
0.0391261
0.0423104
0.0392388
0.0341131
0.0347201
0.0346552
0.0331714
0.0400953
0.0544518
0.0406256
0.0355126
0.0341036
0.0334158
0.0337776
0.0365102
0.0386856
0.0439433
0.036534
0.0364477
0.0344938
0.0334674
0.0500197
0.0385691
0.0399822
0.0346866
0.0339169
0.0374938
0.0344076
0.0399766
0.0352375
0.0348384
0.0337138
0.0334834
0.0502387
0.040862
0.0595307
0.0383988
0.0365204
0.035502
0.0348116
0.0371703
0.0380557
0.0393905
0.0368088
0.0400256
0.0386028
0.0368891
0.0360124
0.0387944
0.0380905
0.0411873
0.0371413
0.0436234
0.0377104
0.036346
0.0354208
0.0350706
0.0380273
0.0398862
0.0472971
0.0380093
0.0384749
0.036065
0.0352529
0.0423362
0.0375701
0.0402893
0.0360482
0.0357194
0.0362504
0.0353646
0.0508976
0.0460208
0.0431311
0.0372881
0.0373606
0.0379722
0.0365737
0.041188
0.0424379
0.0398335
0.0372273
0.0396634
0.038103
0.0376125
0.0374653
0.0386941
0.046229
0.0645017
0.0455609
0.0401235
0.0387317
0.038083
0.0383436
0.0398314
0.0407358
0.0442795
0.0409936
0.0419486
0.0390904
0.0387845
0.0420647
0.0392359
0.0472719
0.0400783
0.039387
0.0380733
0.0376673
0.0442888
0.0411907
0.0471118
0.0394212
0.0393861
0.0384825
0.0378739
0.047679
0.0431998
0.0445814
0.0393398
0.0391952
0.0411557
0.0388638
0.0474888
0.041253
0.0401809
0.0387081
0.0384743
0.0417863
0.0406483
0.0498643
0.0408154
0.042535
0.0394893
0.0389058
0.040338
0.0394425
0.04292
0.0410308
0.0425294
0.0397815
0.0403712
0.0408766
0.0397289
0.043875
0.0479215
0.0432295
0.0405923
0.0403731
0.0399355
0.0401636
0.0471827
0.0466512
0.0538009
0.0425198
0.0450139
0.0417834
0.0408649
0.041582
0.0411641
0.0428548
0.0444221
0.0493974
0.043411
0.0431431
0.0415888
0.0410412
0.0505846
0.044026
0.0460967
0.0419952
0.0415133
0.042438
0.041459
0.0469137
0.044708
0.044555
0.0419291
0.0425319
0.0505282
0.043501
0.0463375
0.0425225
0.0419466
0.0423459
0.041862
0.0458397
0.0480613
0.0491373
0.0434888
0.0437147
0.0450064
0.0427617
0.0479015
0.0453675
0.0437524
0.0427826
0.0431883
0.0437272
0.0449611
0.0483467
0.0490332
0.0460641
0.0441502
0.0468658
0.0444403
0.0444994
0.043966
0.0438334
0.0577814
0.0515218
0.0701326
0.0485427
0.046815
0.0458144
0.0453249
0.0466533
0.0467838
0.0474384
0.0467855
0.0513545
0.0486471
0.04986
0.046161
0.0462688
0.0479345
0.0458888
0.0516048
0.0477365
0.0466666
0.045539
0.0454804
0.0475045
0.0473015
0.0573234
0.0480963
0.0579236
0.047875
0.0467254
0.0463584
0.0460392
0.0475725
0.0492341
0.0508137
0.0477833
0.0474244
0.0474656
0.0465974
0.0557898
0.0636771
0.0525068
0.0485797
0.0480868
0.0475427
0.0476752
0.0496736
0.0498138
0.0532906
0.0489701
0.0526333
0.0486574
0.0479094
0.0477945
0.0475568
0.0496757
0.0541109
0.0560622
0.0498667
0.0486412
0.0492431
0.0481297
0.0494422
0.0506806
0.0496178
0.0494001
0.0497207
0.0500705
0.0589146
0.0577706
0.059344
0.051143
0.0520901
0.0520378
0.0501218
0.0513426
0.0547543
0.0511291
0.0512455
0.0500415
0.0496485
0.0563
0.0521945
0.0561666
0.0508215
0.0504026
0.0502509
0.0498308
0.0535673
0.056511
0.0552709
0.0512941
0.051087
0.0520112
0.0506884
0.0556366
0.0532008
0.0520539
0.0508036
0.0510202
0.0520171
0.0517246
0.0566184
0.0532032
0.0596493
0.052457
0.051862
0.0513464
0.0510493
0.0535594
0.0538108
0.0553267
0.052165
0.0561625
0.0532736
0.0520895
0.0517337
0.051802
0.0524916
0.0550404
0.0623574
0.0561405
0.0534434
0.0525293
0.0523163
0.0525372
0.053506
0.0550337
0.0578227
0.0547804
0.0537781
0.0531032
0.0528581
0.0542143
0.0550434
0.0574241
0.0545057
0.0557224
0.053964
0.0534286
0.0541796
0.0537365
0.0558139
0.0554137
0.0574651
0.0544149
0.0577098
0.0548646
0.0540769
0.0538524
0.0537818
0.0550368
0.0588505
0.0668864
0.0571171
0.0552939
0.0546859
0.0543788
0.0550105
0.055979
0.0565631
0.0567834
0.0561199
0.0568746
0.0583601
0.0582239
0.0578522
0.0568111
0.0622727
0.0614571
0.0585279
0.0565747
0.0582657
0.0567481
0.0566024
0.0565293
0.0565405
0.065721
0.0745469
0.0748678
0.0606172
0.0590194
0.0596096
0.058387
0.0590126
0.0592208
0.058628
0.0598048
0.0611666
0.0609106
0.0590339
0.0588982
0.062624
0.0593526
0.0642554
0.0593879
0.0587461
0.0583302
0.0580554
0.0602217
0.0616998
0.0637158
0.0594842
0.0595523
0.0592398
0.0585282
0.0637177
0.0636023
0.0612274
0.0592944
0.0616236
0.0597814
0.0594821
0.0591782
0.0592152
0.0635783
0.0649044
0.0755267
0.0621605
0.0620203
0.0606008
0.0602135
0.0622258
0.0611113
0.0617705
0.0606189
0.061
0.0614944
0.0611063
0.0626748
0.0633754
0.0652777
0.0621098
0.0638864
0.0621704
0.0613203
0.0615223
0.0614241
0.0619918
0.0659689
0.0741877
0.0658199
0.0626461
0.0620344
0.0617963
0.0619009
0.0633507
0.0645675
0.0685412
0.0635354
0.0633107
0.0623884
0.0620242
0.0698446
0.0642579
0.0654522
0.0626359
0.0623113
0.063185
0.0623466
0.0654948
0.0634227
0.0632378
0.0623076
0.0623493
0.0719949
0.0641776
0.126096
0.0693339
0.0647184
0.0636616
0.063192
0.0632702
0.0642924
0.0664631
0.100249
0.0695331
0.0655263
0.0638078
0.0632718
0.0634019
0.0636864
0.065799
0.0843531
0.0748185
0.0657417
0.0637247
0.0634192
0.0630202
0.0633306
0.0691076
0.0679126
0.0696993
0.0638059
0.0650974
0.0643612
0.0629114
0.0635398
0.064848
0.063352
0.0643966
0.0634472
0.0630348
0.0633212
0.0634592
0.0655772
0.0684618
0.0824579
0.0654449
0.0637237
0.0627923
0.0624075
0.0629087
0.0633458
0.0652516
0.0647476
0.0657035
0.0631743
0.0662567
0.0645421
0.0628175
0.0624224
0.0627159
0.0624543
0.0645448
0.0664859
0.0679359
0.0631665
0.0628696
0.0633127
0.0622174
0.066611
0.0656554
0.0632274
0.0622391
0.0636626
0.0624241
0.0626095
0.0623259
0.0623329
0.0691568
0.0669994
0.445537
0.121326
0.0817
0.0729592
0.0703348
0.0689802
0.0682824
0.0686028
0.0695254
0.0724327
0.0830887
0.0729138
0.067681
0.0654816
0.0646599
0.0643189
0.0644626
0.065914
0.0708737
0.0892476
0.0683127
0.0646394
0.063521
0.0629926
0.0630427
0.0637266
0.065092
0.130889
0.0745851
0.0668729
0.0640325
0.0632812
0.0631326
0.0631586
0.064383
0.0775339
0.228272
0.0889245
0.0697535
0.0664531
0.0652264
0.0646428
0.0647458
0.065569
0.067623
0.105562
0.0728233
0.0665322
0.0640802
0.0633489
0.063201
0.0632528
0.064458
0.0782094
0.137475
0.0747031
0.0656905
0.0640239
0.0633221
0.0630913
0.0635519
0.0646292
0.0708864
0.06722
0.0644642
0.0627588
0.0625966
0.0624349
0.062377
0.0713748
0.073505
0.107525
0.067713
0.0651374
0.0630408
0.0624446
0.0627307
0.0625593
0.0635484
0.0662615
0.0720724
0.0643603
0.0626881
0.0621608
0.0618547
0.0620471
0.0629531
0.0640749
0.0665885
0.0630124
0.0625485
0.0620197
0.0616988
0.0631705
0.0628747
0.0634451
0.0619808
0.0652925
0.0637115
0.0621073
0.0616357
0.061853
0.0616764
0.0622239
0.0640556
0.0657924
0.0629372
0.0618987
0.0618976
0.0615864
0.0616345
0.445536
0.180052
0.167648
0.11074
0.0953864
0.0906374
0.0839053
0.0801283
0.0785026
0.0750549
0.0734316
0.0743128
0.0704536
0.0704633
0.0729032
0.0671621
0.445536
0.15197
0.0921075
0.0780385
0.0731254
0.0704739
0.0688212
0.0679244
0.0674052
0.0672188
0.0682631
0.0709736
0.0897219
0.070489
0.0652155
0.0631722
0.062496
0.0623185
0.0623364
0.0629859
0.067965
0.24917
0.0939404
0.0672437
0.0632082
0.0622926
0.0619758
0.0619352
0.0623344
0.0637737
0.107028
0.0704284
0.0635224
0.0618866
0.0615316
0.061463
0.0615454
0.0622893
0.0718044
0.0725605
0.0634113
0.061651
0.0642055
0.0616715
0.0614548
0.0613264
0.0612672
0.0625793
0.0641784
0.069997
0.0623674
0.0616412
0.061303
0.0611836
0.061428
0.0617263
0.062945
0.0621441
0.0622267
0.0614802
0.0615584
0.0761188
0.0633082
0.0702348
0.062108
0.0613205
0.0612185
0.0611565
0.0612938
0.0634329
0.0658582
0.0634513
0.0615117
0.0613396
0.0612815
0.061204
0.0624999
0.0692471
0.0670513
0.0619772
0.0612931
0.0614227
0.0611871
0.0613026
0.0631267
0.0621623
0.0631472
0.0614405
0.0614435
0.0614284
0.0612166
0.445536
0.281213
0.116488
0.0754093
0.0670395
0.0645105
0.0634369
0.0629382
0.0628214
0.0630428
0.0639508
0.076612
0.0710099
0.0640038
0.0617998
0.0615263
0.0613181
0.061298
0.0622239
0.062536
0.104123
0.0666685
0.0642776
0.0614728
0.0611483
0.0612178
0.0611388
0.0613415
0.0636401
0.0639321
0.0621982
0.0612631
0.0639745
0.0615598
0.0612471
0.061113
0.0610958
0.0613723
0.0617838
0.0756415
0.0632596
0.0618628
0.0611482
0.0610725
0.0611255
0.0611409
0.0618788
0.0627982
0.08713
0.0641129
0.0617423
0.0611297
0.061064
0.0610808
0.0611313
0.0618427
0.0676615
0.0648291
0.0616375
0.061136
0.0611322
0.0610823
0.0611418
0.239432
0.0979056
0.0686243
0.0614659
0.0610523
0.0610576
0.0610571
0.0610585
0.0617221
0.445536
0.141991
0.0681931
0.061061
0.0613791
0.0614977
0.0613901
0.061171
0.0619468
0.0633464
0.0616233
0.0610617
0.0610553
0.0610507
0.0610535
0.072581
0.0729951
0.0806028
0.0627064
0.0664785
0.0615001
0.0610554
0.0610501
0.0610532
0.0610566
0.0638644
0.0680744
0.0636971
0.0612486
0.0610715
0.061053
0.0610505
0.0611655
0.0629557
0.0773398
0.0634558
0.0612556
0.0610531
0.0610535
0.0610503
0.0610969
0.0622603
0.0698174
0.0628951
0.0612348
0.0610562
0.0610503
0.061051
0.0611259
0.0629333
0.0714971
0.0630217
0.0612166
0.0610541
0.0610514
0.0610502
0.0611227
0.0626397
0.0714152
0.0629151
0.0612131
0.0610529
0.0610522
0.0610502
0.0611165
0.0626553
0.0691326
0.0626367
0.0611877
0.0610536
0.061051
0.0610504
0.0611438
0.0629797
0.0690539
0.0624802
0.0611647
0.0610528
0.0610515
0.0610503
0.061164
0.0629251
0.0672764
0.0621402
0.0611401
0.0610545
0.0610505
0.0610522
0.0612477
0.063076
0.0656045
0.0617759
0.0611131
0.0610646
0.0610502
0.0610595
0.0618172
0.062683
0.0638932
0.0613617
0.0611706
0.0611308
0.0610559
0.061294
0.0650225
0.0622493
0.0612978
0.0610603
0.0610516
0.0610603
0.0611049
0.0647163
0.0668314
0.0634011
0.0611998
0.0610923
0.0610524
0.0610505
0.0613486
0.0617363
0.0650054
0.0615547
0.0613065
0.0610642
0.0610501
0.061276
0.0611721
0.0620119
0.0612506
0.0620323
0.0611966
0.0610996
0.0610813
0.0610708
0.0615351
0.0682938
0.0789991
0.0630914
0.0611196
0.0610555
0.0610873
0.061069
0.0610767
0.0618993
0.0664029
0.0620274
0.0611355
0.0610502
0.0610546
0.0610504
0.0611423
0.0637073
0.0646351
0.0618011
0.061088
0.0611764
0.0610558
0.0610539
0.0614631
0.061308
0.11813
0.0686877
0.0628885
0.0610512
0.0611746
0.061176
0.0611353
0.0610535
0.445536
0.185019
0.0829347
0.0615439
0.0615719
0.0621381
0.062003
0.0616275
0.0611421
0.0626689
0.0614864
0.0610823
0.0610677
0.0610584
0.0610502
0.0610882
0.067744
0.06432
0.0619786
0.0610589
0.0610586
0.0610665
0.0610617
0.0612091
0.0697941
0.0937731
0.0649986
0.0610935
0.0611932
0.0613194
0.0612529
0.0611025
0.0612966
0.0635929
0.0617557
0.0610914
0.0610534
0.0610558
0.0610507
0.0611176
0.0909779
0.0753672
0.0626812
0.0610542
0.0612449
0.0613069
0.0612168
0.06106
0.0631166
0.0630226
0.0614064
0.0610508
0.0701892
0.061912
0.0610771
0.0611027
0.0611439
0.0610858
0.0610509
0.0626606
0.0624961
0.0615607
0.0610633
0.063162
0.0613043
0.0610622
0.0610617
0.0610649
0.0610546
0.0611816
0.108628
0.0697387
0.0617013
0.061155
0.0614541
0.0614246
0.0612609
0.0610574
0.0780095
0.0647332
0.0613388
0.0610978
0.0612197
0.0611921
0.0611049
0.0611222
0.0695152
0.0634887
0.0612431
0.0610698
0.061124
0.0611112
0.0610604
0.0614006
0.0783706
0.0650401
0.0612512
0.0611083
0.061223
0.0611967
0.0610984
0.0611586
0.0705592
0.0633921
0.0612048
0.0610805
0.0611449
0.0611235
0.0610628
0.0613751
0.0690454
0.0631866
0.061171
0.0610781
0.0611302
0.0611127
0.0610565
0.0615367
0.0712158
0.0634185
0.0611561
0.0610943
0.0611635
0.0611373
0.0610637
0.0614127
0.0674168
0.0626779
0.0611332
0.0610768
0.0611175
0.0610979
0.0610513
0.0618449
0.0679803
0.0627012
0.0611088
0.0610862
0.0611325
0.0611087
0.0610516
0.0618168
0.0668297
0.0623744
0.0610939
0.0610816
0.0611191
0.0610952
0.0610502
0.0621231
0.0659361
0.0621331
0.0610767
0.0610964
0.0611444
0.061132
0.0611032
0.0610798
0.0610653
0.0610575
0.0610535
0.0610517
0.0610508
0.0610504
0.0610503
0.0610502
0.0610502
0.0610502
0.0610502
0.0610502
0.0610502
0.0610502
0.0610502
0.0610502
0.0610502
0.0610502
0.0610502
0.0610502
0.0610502
0.0610502
0.0610502
0.0610502
0.0610502
0.0610502
0.0610501
0.0610501
0.0610501
0.0610501
0.0610501
0.0610501
0.0610501
0.0610501
0.0610501
0.0610501
0.0610501
0.0610501
0.0610501
0.0610501
0.0610501
0.0610501
0.0610501
0.0610501
0.0610501
0.0610501
0.0610501
0.0610501
0.0610501
0.0610501
0.0610501
0.0610501
0.0610501
0.0610501
0.0610501
0.0610501
0.0610501
0.0610501
0.0610501
0.0610501
0.0610501
0.0610501
0.0610501
0.0610501
0.0610501
0.0610501
0.0610501
0.0610501
0.0610501
0.0610501
0.0610501
0.0610501
0.0610501
0.0610501
0.0610501
0.0610501
0.0610501
0.0610501
0.0610501
0.0610501
0.0610501
0.0610501
0.0610501
0.0610501
0.0610501
0.0610501
0.0610501
0.0610501
0.0610501
0.0610501
0.0610501
0.0610501
0.0610501
0.0610501
0.0610501
0.0610501
0.0610501
0.0610501
0.0610501
0.0610501
0.0610501
0.0610501
0.0610501
0.0610501
0.0610501
0.0610501
0.0610501
0.0610501
0.0610501
0.0610501
0.0610501
0.0610501
0.0610501
0.0610501
0.0610501
0.0610501
0.0610501
0.0610501
0.0610501
0.0610501
0.0610501
0.0610501
0.0610501
0.0610501
0.0610501
0.0610501
0.0610501
0.0610501
0.0610501
0.0610501
0.0610501
0.0610501
0.0610501
0.0610501
0.0610501
0.0610501
0.0610501
0.0610501
0.0610501
0.0610501
0.0610501
0.0610501
0.0610501
0.0610501
0.0610501
0.0610501
0.0610501
0.0610501
0.0610501
0.0610501
0.0610501
0.0610501
0.0610501
0.0610501
0.0610501
0.0610501
0.0610501
0.0610501
0.0610501
0.0610501
0.0610501
0.0610501
0.0610501
0.0610501
0.0610501
0.0610501
0.0610501
0.0610501
0.0610501
0.0610501
0.0610501
0.0610501
0.0610501
0.0610501
0.0610501
0.0610501
0.0610501
0.0610501
0.0610501
0.0610501
0.0610501
0.0610501
0.0610501
0.0610501
0.0610501
0.0610501
0.0610501
0.0610501
0.0610501
0.0610501
0.0610501
0.0610501
0.0610501
0.0610501
0.0610501
0.0610501
0.0610501
0.0610501
0.0610501
0.0610501
0.0610501
0.0610501
0.0610501
0.0610501
0.0610501
0.0610501
0.0610501
0.0610501
0.0610501
0.0610501
0.0610501
0.0610501
0.0610501
0.0610501
0.0610501
0.0610501
0.0610501
0.0610501
0.0610501
0.0610501
0.0610501
0.0610501
0.0610501
0.0610501
0.0610501
0.0610501
0.0610501
0.0610501
0.0610501
0.0610501
0.0610501
0.0610501
0.0610501
0.0610501
0.0610501
0.0610501
0.0610501
0.0610501
0.0610501
0.0610501
0.0610501
0.0610501
0.0610501
0.0610501
0.0610501
0.0610501
0.0610501
0.0610501
0.0610501
0.0610501
0.0610501
0.0610501
0.0610501
0.0610501
0.0610501
0.0610501
0.0610501
0.0610501
0.0610501
0.0610501
0.0610501
0.0610501
0.0610501
0.0610501
0.0610501
0.0610501
0.0610501
0.0610501
0.0610501
0.0610501
0.0610501
0.0610501
0.0610501
0.0610501
0.0610501
0.0610501
0.0610501
0.0610501
0.0610501
0.0610501
0.0610501
0.0610501
0.0610501
0.0610501
0.0610501
0.0610501
0.0610501
0.0610501
0.0610501
0.0610501
0.0610501
0.0610501
0.0610501
0.0610501
0.0610501
0.0610501
0.0610501
0.0610501
0.0610501
0.0610501
0.0610501
0.0610501
0.0610501
0.0610501
0.0610501
0.0610501
0.0610501
0.0610501
0.0610501
0.0610501
0.0610501
0.0610501
0.0610501
0.0610501
0.0610501
0.0610501
0.0610501
0.0610501
0.0610501
0.0610501
0.0610501
0.0610501
0.0610501
0.0610501
0.0610501
0.0610501
0.0610501
0.0610501
0.0610501
0.0610501
0.0610501
0.0610501
0.0610501
0.0610501
0.0610501
0.0610501
0.0610501
0.0610501
0.0610501
0.0610501
0.0610501
0.0610501
0.0610501
0.0610501
0.0610501
0.0610501
0.0610501
0.0610501
0.0610501
0.0610501
0.0610501
0.0610501
0.0610501
0.0610501
0.0610501
0.0610501
0.0610501
0.0610501
0.0610501
0.0610501
0.0610501
0.0610501
0.0610501
0.0610501
0.0610501
0.0610501
0.0610501
0.0610501
0.0610501
0.0610501
0.0610501
0.0610501
0.0610501
0.0610501
0.0610501
0.0610501
0.0610501
0.0610501
0.0610501
0.0610501
0.0610501
0.0610501
0.0610501
0.0610501
0.0610501
0.0610501
0.0610501
0.0610501
0.0610501
0.0610501
0.0610501
0.0610501
0.0610501
0.0610501
0.0610501
0.0610501
0.0610501
0.0610501
0.0610501
0.0610501
0.0610501
0.0610501
0.0610501
0.0610501
0.0610501
0.0610501
0.0610501
0.0610501
0.0610501
0.0610501
0.0610501
0.0610501
0.0610501
0.0610501
0.0610501
0.0610501
0.0610501
0.0610501
0.0610501
0.0610501
0.0610501
0.0610501
0.0610501
0.0610501
0.0610501
0.0610501
0.0610501
0.0610501
0.0610501
0.0610501
0.0610501
0.0610501
0.0610501
0.0610501
0.0610501
0.0610501
0.0610501
0.0610501
0.0610501
0.0610501
0.0610501
0.0610501
0.0610501
0.0610501
0.0610501
0.0610501
0.0610501
0.0610501
0.0610501
0.0610501
0.0610501
0.0610501
0.0610501
0.0610501
0.0610501
0.0610501
0.0610501
0.0610501
0.0610501
0.0610501
0.0610501
0.0610501
0.0610501
0.0610501
0.0610501
0.0610501
0.0610501
0.0610501
0.0610501
0.0610501
0.0610501
0.0610501
0.0610501
0.0610501
0.0610501
0.0610501
0.0610501
0.0610501
0.0610501
0.0610501
0.0610501
0.0610501
0.0610501
0.0610501
0.0610501
0.0610501
0.0610501
0.0610501
0.0610501
0.0610501
0.0610501
0.0610501
0.0610501
0.0610501
0.0610501
0.0610501
0.0610501
0.0610501
0.0610501
0.0610501
0.0610501
0.0610501
0.0610501
0.0610501
0.0610501
0.0610501
0.0610501
0.0610501
0.0610501
0.0610501
0.0610501
0.0610501
0.0610501
0.0610501
0.0610501
0.0610501
0.0610501
0.0610501
0.0610501
0.0610501
0.0610501
0.0610501
0.0610501
0.0610501
0.0610501
0.0610501
0.0610501
0.0610501
0.0610501
0.0610501
0.0610501
0.0610501
0.0610501
0.0610501
0.0610501
0.0610501
0.0610501
0.0610501
0.0610501
0.0610501
0.0610501
0.0610501
0.0610501
0.0610501
0.0610501
0.0610501
0.0610501
0.0610501
0.0610501
0.0610501
0.0610501
0.0610501
0.0610501
0.0610501
0.0610501
0.0610501
0.0610501
0.0610501
0.0610501
0.0610501
0.0610501
0.0610501
0.0610501
0.0610501
0.0610501
0.0610501
0.0610501
0.0610501
0.0610501
0.0610501
0.0610501
0.0610501
0.0610501
0.0610501
0.0610501
0.0610501
0.0610501
0.0610501
0.0610501
0.0610501
0.0610501
0.0610501
0.0610501
0.0610501
0.0610501
0.0610501
0.0610501
0.0610501
0.0610501
0.0610501
0.0610501
0.0610501
0.0610501
0.0610501
0.0610501
0.0610501
0.0610501
0.0610501
0.0610501
0.0610501
0.0610501
0.0610501
0.0610501
0.0610501
0.0610501
0.0610501
0.0610501
0.0610501
0.0610501
0.0610501
0.0610501
0.0610501
0.0610501
0.0610501
0.0610501
0.0610501
0.0610501
0.0610501
0.0610501
0.0610501
0.0610501
0.0610501
0.0610501
0.0610501
0.0610501
0.0610501
0.0610501
0.0610501
0.0610501
0.0610501
0.0610501
0.0610501
0.0610501
0.0610501
0.0610501
0.0610501
0.0610501
0.0610501
0.0610501
0.0610501
0.0610501
0.0610501
0.0610501
0.0610501
0.0610501
0.0610501
0.0610501
0.0610501
0.0610501
0.0610501
0.0610501
0.0610501
0.0610501
0.0610501
0.0610501
0.0610501
0.0610501
0.0610501
0.0610501
0.0610501
0.0610501
0.0610501
0.0610501
0.0610501
0.0610501
0.0610501
0.0610501
0.0610501
0.0610501
0.0610501
0.0610501
0.0610501
0.0610501
0.0610501
0.0610501
0.0610501
0.0610501
0.0610501
0.0610501
0.0610501
0.0610501
0.0610501
0.0610501
0.0610501
0.0610501
0.0610501
0.0610501
0.0610501
0.0610501
0.0610501
0.0610501
0.0610501
0.0610501
0.0610501
0.0610501
0.0610501
0.0610501
0.0610501
0.0610501
0.0610501
0.0610501
0.0610501
0.0610501
0.0610501
0.0610501
0.0610501
0.0610501
0.0610501
0.0610501
0.0610501
0.0610501
0.0610501
0.0610501
0.0610501
0.0610501
0.0610501
0.0610501
0.0610501
0.0610501
0.0610501
0.0610501
0.0610501
0.0610501
0.0610501
0.0610501
0.0610501
0.0610501
0.0610501
0.0610501
0.0610501
0.0610501
0.0610501
0.0610501
0.0610501
0.0610501
0.0610501
0.0610501
0.0610501
0.0610501
0.0610501
0.0610501
0.0610501
0.0610501
0.0610501
0.0609461
0.0604924
0.0601178
0.0596611
0.0589463
0.0579642
0.0567951
0.0555254
0.0542157
0.0529041
0.0516164
0.0503712
0.04918
0.0480487
0.0469777
0.0459629
0.0449967
0.0440688
0.043168
0.0422843
0.0414105
0.0405422
0.0396782
0.0388196
0.0379685
0.0371277
0.0362993
0.0354851
0.0346861
0.0339027
0.0331352
0.0323837
0.0316487
0.0309307
0.0302311
0.0295515
0.0288938
0.0282607
0.0276549
0.027079
0.0265357
0.0260274
0.0255556
0.0251215
0.0247254
0.0243667
0.0240444
0.0237568
0.0235016
0.0232762
0.0230778
0.0229034
0.02275
0.0226146
0.0224944
0.0223866
0.0222888
0.0221987
0.0221141
0.0220332
0.0219542
0.0218752
0.0217949
0.0217118
0.0216246
0.0215323
0.0214342
0.0213298
0.0212189
0.0211015
0.020978
0.0208489
0.0207148
0.0205766
0.020435
0.020291
0.0201454
0.0199991
0.0198529
0.0197076
0.0195642
0.0194234
0.0192859
0.0191527
0.0190244
0.0189019
0.018786
0.0186772
0.0185764
0.0184841
0.0184008
0.018327
0.0182631
0.0182093
0.0181657
0.0181323
0.0181089
0.0180954
0.0180913
0.0180963
0.0181097
0.018131
0.0181594
0.0181943
0.0182348
0.0182801
0.0183293
0.0183818
0.0184365
0.0184927
0.0185497
0.0186066
0.0186627
0.0187175
0.0187703
0.0188206
0.0188679
0.0189118
0.0189521
0.0189883
0.0190203
0.0190479
0.019071
0.0190896
0.0191036
0.019113
0.019118
0.0191187
0.0191153
0.019108
0.0190971
0.0190829
0.0190659
0.0190464
0.0190249
0.0190018
0.0189776
0.0189527
0.0189278
0.0189031
0.0188791
0.0188563
0.0188349
0.0188153
0.0187976
0.0187821
0.0187689
0.0187579
0.0187492
0.0187427
0.0187381
0.0187354
0.0187341
0.0187341
0.0187349
0.0187362
0.0187375
0.0187385
0.0187387
0.0187378
0.0187353
0.018731
0.0187245
0.0187156
0.018704
0.0186898
0.0186726
0.0186527
0.0186299
0.0186045
0.0185764
0.0185461
0.0185136
0.0184793
0.0184435
0.0184065
0.0183686
0.0183302
0.0182917
0.0182534
0.0182157
0.0181788
0.0181432
0.0181092
0.018077
0.0180469
0.0180191
0.0179938
0.0179713
0.0179517
0.017935
0.0179215
0.017911
0.0179036
0.0178993
0.017898
0.0178996
0.017904
0.017911
0.0179206
0.0179324
0.0179463
0.0179621
0.0179796
0.0179985
0.0180187
0.0180399
0.0180621
0.0180849
0.0181082
0.018132
0.0181559
0.01818
0.0182041
0.0182282
0.0182521
0.0182759
0.0182993
0.0183225
0.0183454
0.0183679
0.01839
0.0184118
0.0184332
0.0184541
0.0184747
0.0184949
0.0185147
0.018534
0.0185529
0.0185714
0.0185895
0.0186071
0.0186242
0.0186407
0.0186568
0.0186723
0.0186871
0.0187013
0.0187147
0.0187273
0.0187391
0.01875
0.0187599
0.0187687
0.0187765
0.018783
0.0187884
0.0187925
0.0187953
0.0187967
0.0187968
0.0187954
0.0187927
0.0187885
0.018783
0.0187761
0.0187679
0.0187583
0.0187475
0.0187354
0.0187222
0.0187079
0.0186926
0.0186763
0.0186591
0.0186412
0.0186225
0.0186032
0.0185833
0.018563
0.0185423
0.0185213
0.0185
0.0184786
0.0184571
0.0184356
0.0184141
0.0183927
0.0183716
0.0183506
0.01833
0.0183098
0.0182899
0.0182706
0.0182517
0.0182335
0.0182159
0.018199
0.0181828
0.0181674
0.0181529
0.0181393
0.0181266
0.0181149
0.0181043
0.0180947
0.0180863
0.018079
0.018073
0.0180681
0.0180646
0.0180623
0.0180612
0.0180615
0.0180631
0.018066
0.0180701
0.0180756
0.0180822
0.0180901
0.0180991
0.0181093
0.0181205
0.0181328
0.018146
0.0181601
0.018175
0.0181907
0.018207
0.018224
0.0182414
0.0182594
0.0182777
0.0182962
0.018315
0.018334
0.018353
0.018372
0.018391
0.0184098
0.0184284
0.0184468
0.0184649
0.0184827
0.0185
0.0185169
0.0185333
0.0185492
0.0185646
0.0185793
0.0185934
0.0186068
0.0186195
0.0186315
0.0186428
0.0186532
0.0186629
0.0186717
0.0186796
0.0186867
0.0186929
0.0186981
0.0187025
0.0187058
0.0187082
0.0187097
0.0187101
0.0187095
0.018708
0.0187055
0.0187019
0.0186974
0.0186919
0.0186854
0.0186781
0.0186697
0.0186605
0.0186505
0.0186396
0.0186279
0.0186155
0.0186024
0.0185886
0.0185742
0.0185593
0.0185439
0.0185281
0.0185119
0.0184954
0.0184786
0.0184617
0.0184447
0.0184277
0.0184106
0.0183937
0.0183769
0.0183603
0.018344
0.0183281
0.0183125
0.0182974
0.0182827
0.0182686
0.0182551
0.0182423
0.0182301
0.0182186
0.0182079
0.0181979
0.0181887
0.0181804
0.0181729
0.0181662
0.0181605
0.0181556
0.0181516
0.0181486
0.0181464
0.0181452
0.0181448
0.0181454
0.0181468
0.0181491
0.0181523
0.0181564
0.0181613
0.018167
0.0181735
0.0181808
0.0181889
0.0181976
0.0182071
0.0182172
0.0182279
0.0182392
0.0182511
0.0182634
0.0182762
0.0182895
0.0183031
0.018317
0.0183312
0.0183456
0.0183602
0.0183749
0.0183897
0.0184045
0.0184193
0.0184339
0.0184484
0.0184628
0.0184768
0.0184906
0.018504
0.018517
0.0185296
0.0185417
0.0185533
0.0185643
0.0185747
0.0185845
0.0185936
0.0186021
0.0186098
0.0186168
0.018623
0.0186284
0.0186331
0.018637
0.01864
0.0186423
0.0186438
0.0186444
0.0186442
0.0186433
0.0186415
0.018639
0.0186357
0.0186317
0.018627
0.0186215
0.0186154
0.0186085
0.0186011
0.0185931
0.0185844
0.0185753
0.0185656
0.0185554
0.0185448
0.0185338
0.0185224
0.0185107
0.0184986
0.0184864
0.0184739
0.0184613
0.0184485
0.0184357
0.0184228
0.0184099
0.0183971
0.0183844
0.0183718
0.0183594
0.0183472
0.0183353
0.0183237
0.0183125
0.0183016
0.0182911
0.0182811
0.0182716
0.0182626
0.0182542
0.0182463
0.0182391
0.0182325
0.0182265
0.0182212
0.0182166
0.0182127
0.0182095
0.018207
0.0182052
0.0182042
0.0182039
0.0182043
0.0182054
0.0182073
0.0182098
0.018213
0.0182169
0.0182214
0.0182266
0.0182324
0.0182388
0.0182457
0.0182532
0.0182612
0.0182696
0.0182785
0.0182878
0.0182975
0.0183075
0.0183178
0.0183284
0.0183392
0.0183502
0.0183613
0.0183726
0.0183839
0.0183952
0.0184066
0.0184179
0.0184291
0.0184402
0.0184511
0.0184619
0.0184724
0.0184826
0.0184926
0.0185022
0.0185114
0.0185203
0.0185287
0.0185367
0.0185442
0.0185512
0.0185577
0.0185637
0.0185691
0.0185739
0.0185782
0.0185818
0.0185849
0.0185873
0.0185891
0.0185903
0.0185908
0.0185908
0.0185901
0.0185888
0.0185869
0.0185844
0.0185813
0.0185776
0.0185734
0.0185687
0.0185634
0.0185576
0.0185513
0.0185446
0.0185375
0.01853
0.0185221
0.0185138
0.0185052
0.0184964
0.0184873
0.018478
0.0184684
0.0184588
0.018449
0.0184391
0.0184292
0.0184193
0.0184093
0.0183994
0.0183896
0.01838
0.0183704
0.0183611
0.0183519
0.018343
0.0183344
0.018326
0.018318
0.0183104
0.0183031
0.0182962
0.0182897
0.0182837
0.0182781
0.0182731
0.0182685
0.0182644
0.0182608
0.0182578
0.0182553
0.0182534
0.018252
0.0182511
0.0182509
0.0182511
0.018252
0.0182533
0.0182552
0.0182576
0.0182606
0.0182641
0.018268
0.0182724
0.0182773
0.0182826
0.0182884
0.0182945
0.018301
0.0183078
0.018315
0.0183225
0.0183302
0.0183382
0.0183464
0.0183548
0.0183633
0.0183719
0.0183807
0.0183895
0.0183983
0.0184071
0.0184159
0.0184246
0.0184332
0.0184417
0.01845
0.0184582
0.0184661
0.0184739
0.0184813
0.0184885
0.0184954
0.0185019
0.0185081
0.0185139
0.0185194
0.0185244
0.018529
0.0185332
0.0185369
0.0185402
0.018543
0.0185454
0.0185472
0.0185486
0.0185496
0.01855
0.0185499
0.0185494
0.0185484
0.0185469
0.018545
0.0185426
0.0185397
0.0185365
0.0185328
0.0185287
0.0185242
0.0185194
0.0185142
0.0185086
0.0185028
0.0184966
0.0184902
0.0184836
0.0184767
0.0184696
0.0184624
0.018455
0.0184475
0.0184399
0.0184322
0.0184245
0.0184168
0.018409
0.0184014
0.0183938
0.0183862
0.0183788
0.0183716
0.0183645
0.0183576
0.0183509
0.0183444
0.0183382
0.0183323
0.0183267
0.0183214
0.0183164
0.0183117
0.0183075
0.0183036
0.0183001
0.0182969
0.0182942
0.0182919
0.0182901
0.0182886
0.0182876
0.018287
0.0182868
0.0182871
0.0182878
0.0182889
0.0182904
0.0182923
0.0182946
0.0182973
0.0183004
0.0183039
0.0183077
0.0183118
0.0183163
0.018321
0.0183261
0.0183314
0.0183369
0.0183427
0.0183487
0.0183548
0.0183612
0.0183676
0.0183742
0.0183809
0.0183876
0.0183944
0.0184012
0.018408
0.0184147
0.0184215
0.0184281
0.0184347
0.0184411
0.0184474
0.0184535
0.0184594
0.0184652
0.0184707
0.018476
0.018481
0.0184858
0.0184903
0.0184945
0.0184983
0.0185019
0.0185051
0.018508
0.0185105
0.0185126
0.0185144
0.0185159
0.0185169
0.0185176
0.0185179
0.0185179
0.0185175
0.0185167
0.0185155
0.018514
0.0185122
0.01851
0.0185074
0.0185046
0.0185014
0.0184979
0.0184942
0.0184902
0.0184859
0.0184814
0.0184767
0.0184717
0.0184666
0.0184613
0.0184558
0.0184503
0.0184446
0.0184388
0.0184329
0.018427
0.018421
0.0184151
0.0184091
0.0184032
0.0183974
0.0183916
0.0183859
0.0183803
0.0183748
0.0183695
0.0183643
0.0183593
0.0183545
0.01835
0.0183456
0.0183415
0.0183377
0.0183341
0.0183308
0.0183278
0.018325
0.0183226
0.0183205
0.0183188
0.0183173
0.0183162
0.0183154
0.0183149
0.0183148
0.0183149
0.0183155
0.0183163
0.0183175
0.0183189
0.0183207
0.0183228
0.0183252
0.0183278
0.0183308
0.018334
0.0183374
0.0183411
0.018345
0.0183491
0.0183534
0.0183578
0.0183624
0.0183672
0.0183721
0.0183771
0.0183822
0.0183873
0.0183926
0.0183978
0.0184031
0.0184083
0.0184136
0.0184188
0.0184239
0.018429
0.018434
0.0184388
0.0184436
0.0184482
0.0184526
0.0184569
0.018461
0.0184649
0.0184686
0.0184721
0.0184753
0.0184783
0.0184811
0.0184836
0.0184858
0.0184878
0.0184895
0.0184908
0.018492
0.0184928
0.0184933
0.0184936
0.0184935
0.0184932
0.0184926
0.0184917
0.0184905
0.0184891
0.0184873
0.0184854
0.0184832
0.0184807
0.018478
0.0184751
0.018472
0.0184687
0.0184651
0.0184615
0.0184576
0.0184536
0.0184495
0.0184453
0.018441
0.0184365
0.018432
0.0184275
0.0184229
0.0184183
0.0184137
0.0184091
0.0184045
0.0183999
0.0183955
0.018391
0.0183867
0.0183825
0.0183784
0.0183744
0.0183705
0.0183668
0.0183633
0.0183599
0.0183568
0.0183538
0.0183511
0.0183485
0.0183462
0.0183441
0.0183423
0.0183407
0.0183393
0.0183382
0.0183373
0.0183367
0.0183364
0.0183363
0.0183365
0.0183369
0.0183375
0.0183384
0.0183396
0.018341
0.0183426
0.0183445
0.0183465
0.0183488
0.0183513
0.018354
0.0183568
0.0183598
0.018363
0.0183663
0.0183698
0.0183734
0.018377
0.0183808
0.0183847
0.0183886
0.0183926
0.0183966
0.0184007
0.0184047
0.0184088
0.0184128
0.0184169
0.0184208
0.0184247
0.0184286
0.0184323
0.018436
0.0184396
0.018443
0.0184463
0.0184495
0.0184525
0.0184553
0.018458
0.0184605
0.0184628
0.0184649
0.0184669
0.0184686
0.0184701
0.0184714
0.0184724
0.0184733
0.0184739
0.0184743
0.0184745
0.0184745
0.0184742
0.0184737
0.018473
0.0184721
0.018471
0.0184697
0.0184681
0.0184664
0.0184645
0.0184624
0.0184602
0.0184578
0.0184552
0.0184525
0.0184496
0.0184467
0.0184436
0.0184404
0.0184371
0.0184338
0.0184304
0.0184269
0.0184234
0.0184198
0.0184163
0.0184127
0.0184092
0.0184056
0.0184021
0.0183986
0.0183952
0.0183919
0.0183886
0.0183854
0.0183824
0.0183794
0.0183765
0.0183738
0.0183712
0.0183688
0.0183665
0.0183644
0.0183624
0.0183606
0.018359
0.0183576
0.0183564
0.0183553
0.0183545
0.0183538
0.0183533
0.0183531
0.018353
0.0183531
0.0183535
0.018354
0.0183547
0.0183556
0.0183566
0.0183579
0.0183593
0.0183609
0.0183627
0.0183646
0.0183667
0.0183689
0.0183712
0.0183736
0.0183762
0.0183789
0.0183816
0.0183845
0.0183874
0.0183904
0.0183934
0.0183965
0.0183996
0.0184028
0.0184059
0.018409
0.0184122
0.0184153
0.0184183
0.0184214
0.0184243
0.0184272
0.0184301
0.0184328
0.0184355
0.018438
0.0184405
0.0184428
0.018445
0.0184471
0.018449
0.0184508
0.0184524
0.0184539
0.0184553
0.0184564
0.0184574
0.0184583
0.0184589
0.0184594
0.0184597
0.0184599
0.0184598
0.0184596
0.0184592
0.0184587
0.018458
0.0184571
0.0184561
0.0184549
0.0184536
0.0184521
0.0184505
0.0184488
0.0184469
0.0184449
0.0184428
0.0184406
0.0184383
0.0184359
0.0184334
0.0184309
0.0184283
0.0184257
0.018423
0.0184203
0.0184175
0.0184148
0.018412
0.0184092
0.0184065
0.0184038
0.0184011
0.0183985
0.0183959
0.0183934
0.0183909
0.0183885
0.0183862
0.018384
0.0183819
0.0183799
0.018378
0.0183763
0.0183746
0.0183731
0.0183717
0.0183705
0.0183694
0.0183684
0.0183676
0.018367
0.0183665
0.0183661
0.0183659
0.0183659
0.018366
0.0183662
0.0183666
0.0183672
0.0183679
0.0183687
0.0183697
0.0183708
0.018372
0.0183734
0.0183749
0.0183765
0.0183782
0.01838
0.0183819
0.0183839
0.018386
0.0183881
0.0183903
0.0183926
0.0183949
0.0183972
0.0183996
0.018402
0.0184044
0.0184069
0.0184093
0.0184117
0.0184141
0.0184165
0.0184188
0.0184211
0.0184234
0.0184256
0.0184277
0.0184297
0.0184317
0.0184336
0.0184354
0.0184371
0.0184387
0.0184402
0.0184416
0.0184428
0.018444
0.018445
0.0184459
0.0184466
0.0184473
0.0184478
0.0184482
0.0184484
0.0184485
0.0184485
0.0184483
0.018448
0.0184476
0.018447
0.0184464
0.0184456
0.0184446
0.0184436
0.0184425
0.0184412
0.0184399
0.0184384
0.0184369
0.0184352
0.0184335
0.0184317
0.0184299
0.018428
0.018426
0.018424
0.018422
0.0184199
0.0184178
0.0184157
0.0184136
0.0184114
0.0184093
0.0184072
0.0184051
0.018403
0.018401
0.018399
0.018397
0.0183951
0.0183933
0.0183915
0.0183898
0.0183882
0.0183867
0.0183852
0.0183839
0.0183826
0.0183814
0.0183804
0.0183794
0.0183786
0.0183778
0.0183772
0.0183767
0.0183763
0.0183761
0.0183759
0.0183759
0.0183759
0.0183761
0.0183765
0.0183769
0.0183774
0.0183781
0.0183788
0.0183797
0.0183807
0.0183817
0.0183829
0.0183841
0.0183854
0.0183868
0.0183883
0.0183898
0.0183914
0.0183931
0.0183948
0.0183965
0.0183983
0.0184001
0.0184019
0.0184038
0.0184057
0.0184076
0.0184094
0.0184113
0.0184132
0.018415
0.0184168
0.0184186
0.0184203
0.018422
0.0184236
0.0184252
0.0184267
0.0184282
0.0184296
0.0184309
0.0184321
0.0184333
0.0184344
0.0184353
0.0184362
0.018437
0.0184377
0.0184383
0.0184388
0.0184392
0.0184395
0.0184396
0.0184397
0.0184397
0.0184396
0.0184394
0.018439
0.0184386
0.0184381
0.0184375
0.0184367
0.0184359
0.0184351
0.0184341
0.018433
0.0184319
0.0184307
0.0184295
0.0184281
0.0184268
0.0184253
0.0184239
0.0184223
0.0184208
0.0184192
0.0184176
0.018416
0.0184143
0.0184127
0.018411
0.0184094
0.0184078
0.0184061
0.0184045
0.018403
0.0184014
0.0183999
0.0183984
0.018397
0.0183956
0.0183943
0.0183931
0.0183919
0.0183908
0.0183897
0.0183887
0.0183878
0.018387
0.0183863
0.0183856
0.0183851
0.0183846
0.0183842
0.0183839
0.0183837
0.0183836
0.0183835
0.0183836
0.0183838
0.018384
0.0183844
0.0183848
0.0183853
0.0183859
0.0183865
0.0183873
0.0183881
0.018389
0.0183899
0.018391
0.018392
0.0183932
0.0183944
0.0183956
0.0183969
0.0183982
0.0183996
0.0184009
0.0184024
0.0184038
0.0184052
0.0184067
0.0184081
0.0184096
0.018411
0.0184124
0.0184139
0.0184153
0.0184166
0.018418
0.0184193
0.0184205
0.0184218
0.018423
0.0184241
0.0184252
0.0184262
0.0184271
0.018428
0.0184288
0.0184296
0.0184303
0.0184309
0.0184314
0.0184319
0.0184322
0.0184325
0.0184327
0.0184329
0.0184329
0.0184329
0.0184328
0.0184326
0.0184324
0.0184321
0.0184316
0.0184312
0.0184306
0.01843
0.0184293
0.0184286
0.0184277
0.0184269
0.0184259
0.018425
0.018424
0.0184229
0.0184218
0.0184206
0.0184195
0.0184183
0.018417
0.0184158
0.0184145
0.0184133
0.018412
0.0184107
0.0184094
0.0184082
0.0184069
0.0184057
0.0184045
0.0184033
0.0184021
0.018401
0.0183999
0.0183988
0.0183978
0.0183969
0.0183959
0.0183951
0.0183943
0.0183935
0.0183928
0.0183922
0.0183916
0.0183911
0.0183907
0.0183903
0.01839
0.0183898
0.0183896
0.0183895
0.0183895
0.0183896
0.0183897
0.0183899
0.0183902
0.0183905
0.0183909
0.0183913
0.0183918
0.0183924
0.0183931
0.0183937
0.0183945
0.0183953
0.0183961
0.018397
0.0183979
0.0183989
0.0183999
0.0184009
0.0184019
0.018403
0.0184041
0.0184052
0.0184063
0.0184074
0.0184085
0.0184096
0.0184108
0.0184119
0.018413
0.018414
0.0184151
0.0184161
0.0184171
0.0184181
0.0184191
0.01842
0.0184209
0.0184217
0.0184225
0.0184232
0.0184239
0.0184245
0.0184251
0.0184256
0.0184261
0.0184265
0.0184269
0.0184272
0.0184274
0.0184276
0.0184277
0.0184277
0.0184277
0.0184276
0.0184275
0.0184273
0.018427
0.0184267
0.0184263
0.0184259
0.0184254
0.0184249
0.0184243
0.0184237
0.018423
0.0184223
0.0184215
0.0184207
0.0184199
0.0184191
0.0184182
0.0184173
0.0184163
0.0184154
0.0184144
0.0184135
0.0184125
0.0184115
0.0184105
0.0184095
0.0184085
0.0184076
0.0184066
0.0184057
0.0184048
0.0184039
0.018403
0.0184021
0.0184013
0.0184005
0.0183998
0.0183991
0.0183984
0.0183978
0.0183972
0.0183967
0.0183962
0.0183957
0.0183953
0.018395
0.0183947
0.0183945
0.0183943
0.0183942
0.0183941
0.0183941
0.0183942
0.0183943
0.0183944
0.0183946
0.0183949
0.0183952
0.0183955
0.0183959
0.0183964
0.0183969
0.0183974
0.018398
0.0183986
0.0183992
0.0183999
0.0184006
0.0184014
0.0184021
0.0184029
0.0184037
0.0184046
0.0184054
0.0184062
0.0184071
0.018408
0.0184088
0.0184097
0.0184106
0.0184114
0.0184123
0.0184131
0.0184139
0.0184147
0.0184155
0.0184163
0.018417
0.0184177
0.0184184
0.018419
0.0184196
0.0184202
0.0184207
0.0184212
0.0184217
0.0184221
0.0184224
0.0184227
0.018423
0.0184232
0.0184234
0.0184235
0.0184236
0.0184237
0.0184236
0.0184236
0.0184235
0.0184233
0.0184231
0.0184229
0.0184226
0.0184222
0.0184219
0.0184215
0.018421
0.0184205
0.01842
0.0184194
0.0184189
0.0184182
0.0184176
0.0184169
0.0184163
0.0184156
0.0184148
0.0184141
0.0184134
0.0184126
0.0184119
0.0184111
0.0184103
0.0184096
0.0184088
0.0184081
0.0184073
0.0184066
0.0184059
0.0184052
0.0184045
0.0184039
0.0184032
0.0184026
0.018402
0.0184015
0.018401
0.0184005
0.0184001
0.0183996
0.0183993
0.0183989
0.0183986
0.0183984
0.0183982
0.018398
0.0183978
0.0183978
0.0183977
0.0183977
0.0183977
0.0183978
0.0183979
0.0183981
0.0183983
0.0183985
0.0183988
0.0183991
0.0183994
0.0183998
0.0184002
0.0184007
0.0184012
0.0184017
0.0184022
0.0184027
0.0184033
0.0184039
0.0184045
0.0184051
0.0184058
0.0184064
0.0184071
0.0184077
0.0184084
0.0184091
0.0184098
0.0184104
0.0184111
0.0184117
0.0184124
0.018413
0.0184136
0.0184142
0.0184148
0.0184154
0.0184159
0.0184164
0.0184169
0.0184174
0.0184178
0.0184183
0.0184186
0.018419
0.0184193
0.0184196
0.0184198
0.01842
0.0184202
0.0184203
0.0184204
0.0184205
0.0184205
0.0184205
0.0184205
0.0184204
0.0184202
0.0184201
0.0184199
0.0184197
0.0184194
0.0184191
0.0184188
0.0184185
0.0184181
0.0184177
0.0184173
0.0184168
0.0184163
0.0184158
0.0184153
0.0184148
0.0184143
0.0184137
0.0184131
0.0184126
0.018412
0.0184114
0.0184108
0.0184102
0.0184096
0.018409
0.0184085
0.0184079
0.0184073
0.0184068
0.0184062
0.0184057
0.0184052
0.0184047
0.0184043
0.0184038
0.0184034
0.018403
0.0184026
0.0184023
0.0184019
0.0184017
0.0184014
0.0184012
0.018401
0.0184008
0.0184007
0.0184006
0.0184005
0.0184005
0.0184004
0.0184005
0.0184005
0.0184006
0.0184007
0.0184009
0.0184011
0.0184013
0.0184015
0.0184018
0.0184021
0.0184024
0.0184028
0.0184031
0.0184035
0.0184039
0.0184043
0.0184048
0.0184053
0.0184057
0.0184062
0.0184067
0.0184072
0.0184077
0.0184082
0.0184087
0.0184093
0.0184098
0.0184103
0.0184108
0.0184113
0.0184118
0.0184123
0.0184128
0.0184132
0.0184137
0.0184141
0.0184146
0.018415
0.0184153
0.0184157
0.018416
0.0184164
0.0184166
0.0184169
0.0184172
0.0184174
0.0184176
0.0184177
0.0184178
0.018418
0.018418
0.0184181
0.0184181
0.0184181
0.018418
0.018418
0.0184179
0.0184178
0.0184176
0.0184174
0.0184172
0.018417
0.0184168
0.0184165
0.0184162
0.0184159
0.0184156
0.0184152
0.0184148
0.0184145
0.0184141
0.0184137
0.0184132
0.0184128
0.0184124
0.0184119
0.0184115
0.018411
0.0184106
0.0184101
0.0184097
0.0184092
0.0184088
0.0184083
0.0184079
0.0184075
0.018407
0.0184066
0.0184062
0.0184059
0.0184055
0.0184052
0.0184048
0.0184045
0.0184042
0.018404
0.0184037
0.0184035
0.0184033
0.0184031
0.018403
0.0184028
0.0184027
0.0184027
0.0184026
0.0184026
0.0184026
0.0184026
0.0184026
0.0184027
0.0184028
0.0184029
0.0184031
0.0184032
0.0184034
0.0184036
0.0184039
0.0184041
0.0184044
0.0184047
0.018405
0.0184053
0.0184056
0.0184059
0.0184063
0.0184067
0.018407
0.0184074
0.0184078
0.0184082
0.0184086
0.018409
0.0184094
0.0184098
0.0184102
0.0184106
0.018411
0.0184114
0.0184118
0.0184121
0.0184125
0.0184128
0.0184132
0.0184135
0.0184138
0.0184141
0.0184144
0.0184146
0.0184149
0.0184151
0.0184153
0.0184155
0.0184157
0.0184158
0.0184159
0.018416
0.0184161
0.0184162
0.0184162
0.0184162
0.0184162
0.0184162
0.0184161
0.0184161
0.018416
0.0184158
0.0184157
0.0184156
0.0184154
0.0184152
0.018415
0.0184148
0.0184145
0.0184143
0.018414
0.0184137
0.0184134
0.0184131
0.0184128
0.0184125
0.0184121
0.0184118
0.0184114
0.0184111
0.0184107
0.0184104
0.01841
0.0184097
0.0184093
0.018409
0.0184087
0.0184083
0.018408
0.0184077
0.0184074
0.0184071
0.0184068
0.0184065
0.0184062
0.018406
0.0184057
0.0184055
0.0184053
0.0184051
0.0184049
0.0184048
0.0184046
0.0184045
0.0184044
0.0184044
0.0184043
0.0184042
0.0184042
0.0184042
0.0184042
0.0184043
0.0184043
0.0184044
0.0184045
0.0184046
0.0184047
0.0184049
0.018405
0.0184052
0.0184054
0.0184056
0.0184058
0.0184061
0.0184063
0.0184066
0.0184068
0.0184071
0.0184074
0.0184077
0.018408
0.0184083
0.0184086
0.0184089
0.0184092
0.0184095
0.0184098
0.0184101
0.0184104
0.0184107
0.018411
0.0184113
0.0184116
0.0184119
0.0184122
0.0184124
0.0184127
0.0184129
0.0184131
0.0184133
0.0184135
0.0184137
0.0184139
0.0184141
0.0184142
0.0184143
0.0184144
0.0184145
0.0184146
0.0184147
0.0184147
0.0184148
0.0184148
0.0184148
0.0184147
0.0184147
0.0184146
0.0184146
0.0184145
0.0184144
0.0184143
0.0184141
0.018414
0.0184138
0.0184136
0.0184135
0.0184133
0.018413
0.0184128
0.0184126
0.0184124
0.0184121
0.0184119
0.0184116
0.0184113
0.0184111
0.0184108
0.0184105
0.0184103
0.01841
0.0184097
0.0184094
0.0184092
0.0184089
0.0184087
0.0184084
0.0184082
0.0184079
0.0184077
0.0184075
0.0184072
0.018407
0.0184068
0.0184067
0.0184065
0.0184063
0.0184062
0.018406
0.0184059
0.0184058
0.0184057
0.0184057
0.0184056
0.0184055
0.0184055
0.0184055
0.0184055
0.0184055
0.0184055
0.0184056
0.0184056
0.0184057
0.0184058
0.0184059
0.018406
0.0184061
0.0184063
0.0184064
0.0184066
0.0184067
0.0184069
0.0184071
0.0184073
0.0184075
0.0184077
0.018408
0.0184082
0.0184084
0.0184086
0.0184089
0.0184091
0.0184093
0.0184096
0.0184098
0.0184101
0.0184103
0.0184105
0.0184108
0.018411
0.0184112
0.0184114
0.0184116
0.0184118
0.018412
0.0184122
0.0184124
0.0184125
0.0184126
0.0184128
0.0184129
0.0184131
0.0184132
0.0184133
0.0184132
0.0184132
0.0183996
0.0183418
0.0182761
0.0182087
0.0181401
0.0180687
0.0179934
0.0179147
0.0178347
0.0177556
0.0176791
0.0176061
0.0175366
0.0174699
0.0174054
0.0173423
0.01728
0.0172182
0.0171567
0.0170952
0.0170337
0.0169721
0.0169101
0.0168479
0.0167854
0.0167226
0.0166595
0.0165964
0.0165333
0.0164704
0.0164079
0.016346
0.0162849
0.0162248
0.0161658
0.0161082
0.016052
0.0159974
0.0159445
0.0158931
0.0158434
0.0157951
0.0157482
0.0157025
0.0156579
0.015614
0.0155708
0.0155282
0.0154859
0.0154439
0.0154022
0.0153607
0.0153194
0.0152783
0.0152374
0.0151968
0.0151563
0.0151161
0.0150761
0.0150363
0.0149966
0.014957
0.0149175
0.014878
0.0148385
0.0147989
0.0147593
0.0147197
0.0146801
0.0146404
0.0146008
0.0145612
0.0145217
0.0144823
0.0144431
0.0144041
0.0143652
0.0143266
0.0142881
0.0142499
0.0142119
0.0141741
0.0141365
0.014099
0.0140617
0.0140245
0.0139874
0.0139504
0.0139135
0.0138767
0.0138399
0.0138033
0.0137668
0.0137304
0.0136942
0.0136581
0.0136221
0.0135863
0.0135507
0.0135153
0.01348
0.013445
0.0134101
0.0133754
0.0133409
0.0133066
0.0132724
0.0132384
0.0132045
0.0131708
0.0131371
0.0131036
0.0130701
0.0130367
0.0130034
0.01297
0.0129367
0.0129034
0.0128701
0.0128368
0.0128034
0.01277
0.0127365
0.012703
0.0126694
0.0126357
0.0126021
0.0125683
0.0125346
0.0125008
0.012467
0.0124332
0.0123995
0.0123658
0.0123321
0.0122986
0.0122651
0.0122317
0.0121984
0.0121653
0.0121324
0.0120996
0.0120669
0.0120345
0.0120022
0.0119702
0.0119383
0.0119067
0.0118752
0.011844
0.0118129
0.0117821
0.0117514
0.0117209
0.0116906
0.0116605
0.0116305
0.0116007
0.011571
0.0115415
0.011512
0.0114827
0.0114535
0.0114244
0.0113953
0.0113663
0.0113374
0.0113086
0.0112798
0.011251
0.0112223
0.0111937
0.011165
0.0111364
0.0111079
0.0110794
0.0110509
0.0110225
0.0109942
0.0109659
0.0109376
0.0109095
0.0108814
0.0108533
0.0108254
0.0107976
0.0107698
0.0107422
0.0107146
0.0106872
0.0106598
0.0106326
0.0106055
0.0105785
0.0105516
0.0105248
0.0104981
0.0104715
0.010445
0.0104185
0.0103922
0.0103659
0.0103397
0.0103135
0.0102874
0.0102613
0.0102353
0.0102093
0.0101833
0.0101573
0.0101313
0.0101053
0.0100793
0.0100533
0.0100273
0.0100014
0.00997536
0.00994937
0.00992338
0.0098974
0.00987143
0.00984547
0.00981953
0.00979361
0.00976773
0.00974188
0.00971607
0.00969031
0.00966459
0.00963894
0.00961335
0.00958782
0.00956236
0.00953697
0.00951165
0.00948641
0.00946125
0.00943616
0.00941115
0.00938623
0.00936138
0.00933661
0.00931191
0.0092873
0.00926275
0.00923829
0.0092139
0.00918958
0.00916533
0.00914115
0.00911705
0.00909302
0.00906906
0.00904518
0.00902137
0.00899763
0.00897397
0.00895038
0.00892688
0.00890345
0.00888011
0.00885685
0.00883367
0.00881059
0.00878759
0.00876468
0.00874186
0.00871913
0.0086965
0.00867396
0.00865151
0.00862915
0.00860689
0.00858472
0.00856264
0.00854065
0.00851875
0.00849693
0.0084752
0.00845355
0.00843198
0.0084105
0.00838908
0.00836774
0.00834647
0.00832527
0.00830414
0.00828307
0.00826206
0.00824112
0.00822023
0.00819939
0.00817861
0.00815788
0.0081372
0.00811657
0.00809598
0.00807544
0.00805495
0.0080345
0.00801409
0.00799372
0.00797339
0.0079531
0.00793285
0.00791264
0.00789247
0.00787233
0.00785223
0.00783216
0.00781212
0.00779212
0.00777216
0.00775222
0.00773232
0.00771244
0.0076926
0.00767278
0.00765299
0.00763323
0.00761349
0.00759378
0.0075741
0.00755444
0.0075348
0.00751519
0.0074956
0.00747604
0.0074565
0.00743698
0.00741749
0.00739802
0.00737858
0.00735917
0.00733978
0.00732042
0.0073011
0.0072818
0.00726254
0.00724331
0.00722411
0.00720496
0.00718584
0.00716677
0.00714774
0.00712876
0.00710982
0.00709094
0.0070721
0.00705332
0.00703459
0.00701592
0.00699731
0.00697876
0.00696026
0.00694183
0.00692346
0.00690515
0.00688691
0.00686873
0.00685062
0.00683257
0.00681459
0.00679667
0.00677882
0.00676104
0.00674332
0.00672567
0.00670809
0.00669057
0.00667312
0.00665573
0.00663841
0.00662116
0.00660397
0.00658685
0.00656979
0.0065528
0.00653587
0.00651901
0.00650221
0.00648547
0.0064688
0.0064522
0.00643565
0.00641917
0.00640274
0.00638638
0.00637008
0.00635384
0.00633765
0.00632153
0.00630546
0.00628944
0.00627347
0.00625756
0.0062417
0.00622589
0.00621012
0.0061944
0.00617872
0.00616309
0.00614749
0.00613194
0.00611642
0.00610094
0.00608549
0.00607007
0.00605469
0.00603933
0.006024
0.0060087
0.00599343
0.00597817
0.00596295
0.00594774
0.00593256
0.00591739
0.00590225
0.00588712
0.00587202
0.00585693
0.00584186
0.00582681
0.00581178
0.00579677
0.00578177
0.0057668
0.00575184
0.0057369
0.00572197
0.00570707
0.00569219
0.00567732
0.00566248
0.00564766
0.00563285
0.00561807
0.00560331
0.00558858
0.00557387
0.00555918
0.00554452
0.00552988
0.00551527
0.00550069
0.00548613
0.00547161
0.00545711
0.00544265
0.00542821
0.00541381
0.00539945
0.00538512
0.00537082
0.00535656
0.00534234
0.00532816
0.00531402
0.00529992
0.00528586
0.00527184
0.00525787
0.00524394
0.00523006
0.00521623
0.00520244
0.00518871
0.00517502
0.00516138
0.00514779
0.00513425
0.00512077
0.00510734
0.00509395
0.00508063
0.00506735
0.00505413
0.00504096
0.00502784
0.00501477
0.00500176
0.0049888
0.00497589
0.00496304
0.00495023
0.00493748
0.00492477
0.00491212
0.00489951
0.00488695
0.00487444
0.00486197
0.00484955
0.00483718
0.00482485
0.00481256
0.00480031
0.00478811
0.00477595
0.00476382
0.00475173
0.00473968
0.00472767
0.00471569
0.00470374
0.00469183
0.00467995
0.0046681
0.00465628
0.00464449
0.00463273
0.004621
0.00460929
0.0045976
0.00458594
0.0045743
0.00456269
0.00455109
0.00453952
0.00452797
0.00451643
0.00450491
0.00449342
0.00448193
0.00447047
0.00445902
0.00444758
0.00443616
0.00442475
0.00441336
0.00440198
0.00439062
0.00437926
0.00436792
0.0043566
0.00434529
0.00433399
0.0043227
0.00431143
0.00430018
0.00428893
0.00427771
0.00426649
0.0042553
0.00424411
0.00423295
0.0042218
0.00421067
0.00419956
0.00418847
0.0041774
0.00416635
0.00415532
0.00414431
0.00413333
0.00412237
0.00411143
0.00410052
0.00408963
0.00407877
0.00406794
0.00405714
0.00404637
0.00403562
0.00402491
0.00401423
0.00400358
0.00399296
0.00398238
0.00397183
0.00396132
0.00395084
0.0039404
0.00392999
0.00391962
0.00390929
0.003899
0.00388874
0.00387852
0.00386835
0.00385821
0.00384811
0.00383805
0.00382803
0.00381805
0.00380811
0.00379821
0.00378835
0.00377853
0.00376874
0.003759
0.0037493
0.00373964
0.00373001
0.00372042
0.00371087
0.00370136
0.00369188
0.00368244
0.00367303
0.00366366
0.00365433
0.00364502
0.00363575
0.00362651
0.0036173
0.00360813
0.00359898
0.00358986
0.00358077
0.0035717
0.00356266
0.00355365
0.00354466
0.00353569
0.00352675
0.00351782
0.00350892
0.00350004
0.00349118
0.00348234
0.00347351
0.0034647
0.00345591
0.00344714
0.00343837
0.00342963
0.00342089
0.00341217
0.00340347
0.00339477
0.00338609
0.00337742
0.00336876
0.00336011
0.00335147
0.00334284
0.00333423
0.00332562
0.00331702
0.00330843
0.00329985
0.00329128
0.00328273
0.00327418
0.00326564
0.00325711
0.00324859
0.00324009
0.00323159
0.00322311
0.00321463
0.00320617
0.00319773
0.00318929
0.00318087
0.00317247
0.00316407
0.0031557
0.00314734
0.003139
0.00313067
0.00312236
0.00311407
0.0031058
0.00309755
0.00308932
0.00308111
0.00307292
0.00306475
0.00305661
0.00304849
0.00304039
0.00303232
0.00302427
0.00301625
0.00300826
0.00300029
0.00299235
0.00298444
0.00297656
0.0029687
0.00296087
0.00295308
0.00294531
0.00293757
0.00292986
0.00292219
0.00291454
0.00290692
0.00289933
0.00289178
0.00288425
0.00287676
0.00286929
0.00286186
0.00285445
0.00284708
0.00283973
0.00283242
0.00282513
0.00281787
0.00281064
0.00280344
0.00279627
0.00278912
0.002782
0.00277491
0.00276784
0.0027608
0.00275378
0.00274678
0.00273981
0.00273286
0.00272594
0.00271903
0.00271215
0.00270528
0.00269844
0.00269162
0.00268481
0.00267802
0.00267125
0.00266449
0.00265775
0.00265102
0.00264431
0.00263762
0.00263093
0.00262426
0.0026176
0.00261096
0.00260432
0.0025977
0.00259108
0.00258448
0.00257788
0.0025713
0.00256472
0.00255815
0.00255159
0.00254504
0.0025385
0.00253196
0.00252543
0.00251891
0.0025124
0.00250589
0.0024994
0.0024929
0.00248642
0.00247994
0.00247347
0.00246701
0.00246056
0.00245412
0.00244768
0.00244125
0.00243484
0.00242843
0.00242203
0.00241564
0.00240926
0.00240289
0.00239654
0.00239019
0.00238386
0.00237754
0.00237123
0.00236494
0.00235866
0.00235239
0.00234614
0.0023399
0.00233368
0.00232748
0.00232129
0.00231512
0.00230897
0.00230284
0.00229672
0.00229063
0.00228455
0.0022785
0.00227246
0.00226644
0.00226045
0.00225448
0.00224852
0.00224259
0.00223669
0.0022308
0.00222494
0.0022191
0.00221328
0.00220749
0.00220172
0.00219597
0.00219024
0.00218454
0.00217886
0.00217321
0.00216758
0.00216197
0.00215638
0.00215082
0.00214527
0.00213976
0.00213426
0.00212878
0.00212333
0.0021179
0.00211248
0.00210709
0.00210172
0.00209637
0.00209103
0.00208572
0.00208042
0.00207515
0.00206989
0.00206464
0.00205941
0.0020542
0.00204901
0.00204383
0.00203866
0.00203351
0.00202837
0.00202324
0.00201813
0.00201303
0.00200794
0.00200286
0.00199779
0.00199273
0.00198768
0.00198264
0.00197761
0.00197259
0.00196757
0.00196256
0.00195756
0.00195257
0.00194759
0.00194261
0.00193764
0.00193267
0.00192771
0.00192275
0.0019178
0.00191286
0.00190792
0.00190299
0.00189806
0.00189314
0.00188822
0.00188331
0.0018784
0.0018735
0.00186861
0.00186372
0.00185884
0.00185396
0.00184909
0.00184423
0.00183937
0.00183452
0.00182968
0.00182484
0.00182002
0.0018152
0.00181039
0.00180559
0.0018008
0.00179602
0.00179125
0.00178649
0.00178174
0.001777
0.00177227
0.00176756
0.00176286
0.00175817
0.00175349
0.00174883
0.00174418
0.00173955
0.00173493
0.00173032
0.00172573
0.00172116
0.0017166
0.00171206
0.00170753
0.00170303
0.00169853
0.00169406
0.0016896
0.00168516
0.00168073
0.00167633
0.00167194
0.00166757
0.00166322
0.00165888
0.00165456
0.00165026
0.00164598
0.00164172
0.00163747
0.00163324
0.00162903
0.00162483
0.00162065
0.00161649
0.00161235
0.00160822
0.00160411
0.00160001
0.00159593
0.00159186
0.00158781
0.00158377
0.00157975
0.00157574
0.00157175
0.00156777
0.0015638
0.00155984
0.00155589
0.00155196
0.00154804
0.00154413
0.00154023
0.00153634
0.00153245
0.00152858
0.00152472
0.00152087
0.00151702
0.00151318
0.00150935
0.00150553
0.00150171
0.0014979
0.0014941
0.0014903
0.00148651
0.00148272
0.00147894
0.00147516
0.00147139
0.00146763
0.00146386
0.00146011
0.00145635
0.0014526
0.00144886
0.00144512
0.00144138
0.00143765
0.00143392
0.00143019
0.00142647
0.00142276
0.00141904
0.00141533
0.00141163
0.00140793
0.00140424
0.00140055
0.00139686
0.00139318
0.00138951
0.00138584
0.00138218
0.00137852
0.00137487
0.00137123
0.00136759
0.00136396
0.00136034
0.00135672
0.00135312
0.00134952
0.00134593
0.00134235
0.00133878
0.00133521
0.00133166
0.00132812
0.00132459
0.00132106
0.00131755
0.00131405
0.00131057
0.00130709
0.00130362
0.00130017
0.00129673
0.0012933
0.00128988
0.00128648
0.00128309
0.00127971
0.00127635
0.001273
0.00126966
0.00126633
0.00126302
0.00125973
0.00125644
0.00125317
0.00124991
0.00124667
0.00124344
0.00124022
0.00123702
0.00123383
0.00123065
0.00122749
0.00122434
0.0012212
0.00121807
0.00121496
0.00121185
0.00120876
0.00120568
0.00120262
0.00119956
0.00119651
0.00119348
0.00119045
0.00118744
0.00118443
0.00118144
0.00117845
0.00117547
0.0011725
0.00116954
0.00116659
0.00116364
0.00116071
0.00115778
0.00115485
0.00115193
0.00114902
0.00114612
0.00114322
0.00114032
0.00113743
0.00113455
0.00113167
0.00112879
0.00112592
0.00112306
0.00112019
0.00111734
0.00111448
0.00111163
0.00110878
0.00110593
0.00110309
0.00110025
0.00109742
0.00109458
0.00109175
0.00108893
0.0010861
0.00108328
0.00108046
0.00107765
0.00107483
0.00107203
0.00106922
0.00106642
0.00106362
0.00106082
0.00105803
0.00105524
0.00105246
0.00104968
0.0010469
0.00104413
0.00104136
0.0010386
0.00103585
0.0010331
0.00103035
0.00102761
0.00102488
0.00102215
0.00101943
0.00101672
0.00101401
0.00101131
0.00100862
0.00100593
0.00100325
0.00100058
0.000997924
0.000995271
0.000992628
0.000989993
0.000987367
0.00098475
0.000982142
0.000979544
0.000976956
0.000974377
0.000971808
0.000969249
0.000966701
0.000964162
0.000961634
0.000959115
0.000956608
0.00095411
0.000951623
0.000949146
0.000946679
0.000944223
0.000941777
0.000939341
0.000936916
0.0009345
0.000932094
0.000929699
0.000927312
0.000924936
0.000922569
0.000920211
0.000917863
0.000915523
0.000913193
0.00091087
0.000908557
0.000906251
0.000903954
0.000901664
0.000899382
0.000897107
0.00089484
0.000892579
0.000890325
0.000888078
0.000885836
0.000883601
0.000881371
0.000879147
0.000876929
0.000874715
0.000872506
0.000870302
0.000868102
0.000865907
0.000863715
0.000861528
0.000859344
0.000857163
0.000854986
0.000852812
0.000850641
0.000848473
0.000846308
0.000844145
0.000841985
0.000839827
0.000837672
0.000835519
0.000833369
0.00083122
0.000829074
0.00082693
0.000824788
0.000822648
0.000820511
0.000818376
0.000816242
0.000814112
0.000811983
0.000809857
0.000807733
0.000805612
0.000803494
0.000801379
0.000799266
0.000797156
0.00079505
0.000792947
0.000790847
0.000788751
0.000786658
0.00078457
0.000782486
0.000780405
0.00077833
0.000776258
0.000774192
0.00077213
0.000770074
0.000768023
0.000765977
0.000763937
0.000761903
0.000759874
0.000757852
0.000755836
0.000753826
0.000751823
0.000749827
0.000747838
0.000745855
0.00074388
0.000741912
0.000739951
0.000737997
0.000736051
0.000734113
0.000732182
0.000730259
0.000728344
0.000726437
0.000724537
0.000722645
0.000720761
0.000718885
0.000717017
0.000715157
0.000713304
0.00071146
0.000709622
0.000707793
0.000705971
0.000704157
0.00070235
0.00070055
0.000698758
0.000696972
0.000695194
0.000693422
0.000691658
0.000689899
0.000688147
0.000686402
0.000684662
0.000682929
0.000681201
0.000679479
0.000677762
0.00067605
0.000674344
0.000672642
0.000670945
0.000669253
0.000667565
0.000665881
0.000664202
0.000662526
0.000660854
0.000659185
0.00065752
0.000655858
0.000654198
0.000652542
0.000650889
0.000649238
0.00064759
0.000645944
0.0006443
0.000642659
0.000641019
0.000639382
0.000637746
0.000636113
0.000634481
0.000632851
0.000631222
0.000629595
0.00062797
0.000626346
0.000624724
0.000623103
0.000621484
0.000619867
0.000618251
0.000616637
0.000615024
0.000613414
0.000611805
0.000610198
0.000608593
0.00060699
0.00060539
0.000603791
0.000602195
0.000600601
0.00059901
0.000597422
0.000595836
0.000594253
0.000592674
0.000591097
0.000589524
0.000587954
0.000586388
0.000584826
0.000583267
0.000581713
0.000580162
0.000578616
0.000577074
0.000575537
0.000574004
0.000572476
0.000570953
0.000569435
0.000567922
0.000566415
0.000564912
0.000563415
0.000561924
0.000560438
0.000558958
0.000557484
0.000556015
0.000554552
0.000553096
0.000551645
0.0005502
0.000548761
0.000547328
0.000545901
0.00054448
0.000543065
0.000541656
0.000540253
0.000538856
0.000537465
0.00053608
0.000534701
0.000533327
0.000531959
0.000530596
0.00052924
0.000527888
0.000526542
0.000525201
0.000523865
0.000522534
0.000521208
0.000519886
0.00051857
0.000517258
0.00051595
0.000514646
0.000513347
0.000512052
0.00051076
0.000509472
0.000508188
0.000506907
0.000505629
0.000504355
0.000503083
0.000501814
0.000500549
0.000499285
0.000498025
0.000496766
0.00049551
0.000494256
0.000493004
0.000491755
0.000490506
0.00048926
0.000488015
0.000486772
0.000485531
0.000484291
0.000483052
0.000481815
0.000480579
0.000479344
0.00047811
0.000476878
0.000475646
0.000474416
0.000473187
0.00047196
0.000470733
0.000469507
0.000468283
0.00046706
0.000465839
0.000464618
0.000463399
0.000462182
0.000460965
0.000459751
0.000458538
0.000457327
0.000456117
0.000454909
0.000453704
0.0004525
0.000451298
0.000450099
0.000448902
0.000447707
0.000446515
0.000445326
0.000444139
0.000442955
0.000441774
0.000440596
0.000439421
0.000438249
0.000437081
0.000435916
0.000434755
0.000433597
0.000432444
0.000431293
0.000430147
0.000429005
0.000427867
0.000426733
0.000425603
0.000424477
0.000423356
0.000422239
0.000421127
0.000420019
0.000418915
0.000417816
0.000416722
0.000415632
0.000414547
0.000413466
0.00041239
0.000411318
0.000410251
0.000409189
0.000408131
0.000407077
0.000406028
0.000404984
0.000403943
0.000402908
0.000401876
0.000400848
0.000399825
0.000398806
0.00039779
0.000396779
0.000395771
0.000394767
0.000393767
0.00039277
0.000391776
0.000390786
0.000389799
0.000388815
0.000387835
0.000386857
0.000385882
0.00038491
0.00038394
0.000382973
0.000382008
0.000381045
0.000380085
0.000379126
0.00037817
0.000377216
0.000376263
0.000375312
0.000374363
0.000373415
0.000372468
0.000371523
0.00037058
0.000369637
0.000368696
0.000367756
0.000366817
0.000365879
0.000364942
0.000364006
0.000363071
0.000362137
0.000361203
0.000360271
0.000359339
0.000358409
0.000357479
0.00035655
0.000355621
0.000354694
0.000353768
0.000352842
0.000351918
0.000350994
0.000350072
0.00034915
0.00034823
0.000347311
0.000346393
0.000345477
0.000344561
0.000343648
0.000342736
0.000341825
0.000340916
0.000340009
0.000339104
0.0003382
0.000337299
0.000336399
0.000335502
0.000334607
0.000333714
0.000332824
0.000331936
0.000331051
0.000330168
0.000329288
0.00032841
0.000327536
0.000326664
0.000325796
0.00032493
0.000324068
0.000323208
0.000322352
0.000321499
0.00032065
0.000319803
0.00031896
0.000318121
0.000317285
0.000316452
0.000315623
0.000314798
0.000313976
0.000313157
0.000312342
0.00031153
0.000310722
0.000309918
0.000309116
0.000308319
0.000307524
0.000306733
0.000305946
0.000305161
0.00030438
0.000303602
0.000302828
0.000302056
0.000301287
0.000300522
0.000299759
0.000298999
0.000298242
0.000297487
0.000296735
0.000295986
0.000295239
0.000294494
0.000293752
0.000293012
0.000292274
0.000291538
0.000290804
0.000290072
0.000289341
0.000288613
0.000287886
0.00028716
0.000286436
0.000285714
0.000284993
0.000284273
0.000283554
0.000282836
0.00028212
0.000281405
0.00028069
0.000279976
0.000279264
0.000278552
0.000277841
0.00027713
0.000276421
0.000275712
0.000275004
0.000274296
0.000273589
0.000272883
0.000272177
0.000271472
0.000270767
0.000270063
0.00026936
0.000268657
0.000267955
0.000267254
0.000266554
0.000265854
0.000265155
0.000264457
0.000263759
0.000263063
0.000262367
0.000261673
0.000260979
0.000260287
0.000259596
0.000258906
0.000258217
0.000257529
0.000256843
0.000256159
0.000255475
0.000254794
0.000254114
0.000253435
0.000252759
0.000252084
0.000251411
0.00025074
0.000250071
0.000249405
0.00024874
0.000248077
0.000247417
0.000246759
0.000246103
0.000245449
0.000244798
0.00024415
0.000243504
0.00024286
0.000242219
0.000241581
0.000240945
0.000240311
0.000239681
0.000239053
0.000238427
0.000237805
0.000237185
0.000236568
0.000235953
0.000235341
0.000234732
0.000234125
0.000233521
0.000232919
0.00023232
0.000231724
0.00023113
0.000230539
0.00022995
0.000229363
0.000228779
0.000228197
0.000227617
0.00022704
0.000226464
0.000225891
0.00022532
0.00022475
0.000224183
0.000223618
0.000223054
0.000222492
0.000221932
0.000221373
0.000220816
0.00022026
0.000219706
0.000219153
0.000218601
0.000218051
0.000217502
0.000216954
0.000216407
0.000215861
0.000215316
0.000214772
0.000214228
0.000213686
0.000213144
0.000212603
0.000212063
0.000211523
0.000210984
0.000210446
0.000209908
0.00020937
0.000208833
0.000208297
0.000207761
0.000207226
0.000206691
0.000206156
0.000205622
0.000205088
0.000204555
0.000204023
0.00020349
0.000202959
0.000202427
0.000201897
0.000201366
0.000200837
0.000200308
0.00019978
0.000199252
0.000198725
0.000198199
0.000197673
0.000197148
0.000196625
0.000196102
0.00019558
0.000195059
0.000194539
0.00019402
0.000193502
0.000192986
0.00019247
0.000191956
0.000191444
0.000190932
0.000190422
0.000189914
0.000189407
0.000188901
0.000188398
0.000187896
0.000187395
0.000186896
0.000186399
0.000185904
0.000185411
0.000184919
0.00018443
0.000183942
0.000183456
0.000182973
0.000182491
0.000182011
0.000181533
0.000181058
0.000180584
0.000180112
0.000179643
0.000179175
0.00017871
0.000178246
0.000177785
0.000177325
0.000176868
0.000176412
0.000175959
0.000175507
0.000175057
0.00017461
0.000174164
0.00017372
0.000173277
0.000172837
0.000172398
0.000171961
0.000171525
0.000171091
0.000170659
0.000170228
0.000169799
0.000169371
0.000168944
0.000168519
0.000168094
0.000167672
0.00016725
0.000166829
0.00016641
0.000165991
0.000165574
0.000165157
0.000164742
0.000164327
0.000163913
0.000163499
0.000163087
0.000162675
0.000162263
0.000161853
0.000161443
0.000161033
0.000160624
0.000160215
0.000159807
0.000159399
0.000158992
0.000158585
0.000158178
0.000157772
0.000157366
0.000156961
0.000156555
0.00015615
0.000155746
0.000155342
0.000154938
0.000154534
0.000154131
0.000153728
0.000153325
0.000152923
0.000152522
0.00015212
0.000151719
0.000151319
0.000150919
0.00015052
0.000150121
0.000149723
0.000149325
0.000148928
0.000148532
0.000148136
0.000147741
0.000147347
0.000146954
0.000146562
0.00014617
0.00014578
0.00014539
0.000145001
0.000144614
0.000144228
0.000143842
0.000143458
0.000143075
0.000142693
0.000142313
0.000141934
0.000141556
0.000141179
0.000140804
0.00014043
0.000140058
0.000139687
0.000139318
0.00013895
0.000138583
0.000138218
0.000137855
0.000137493
0.000137133
0.000136774
0.000136417
0.000136061
0.000135707
0.000135354
0.000135003
0.000134654
0.000134306
0.000133959
0.000133615
0.000133271
0.000132929
0.000132589
0.00013225
0.000131912
0.000131576
0.000131241
0.000130908
0.000130575
0.000130244
0.000129915
0.000129586
0.000129259
0.000128933
0.000128608
0.000128284
0.000127961
0.000127639
0.000127318
0.000126997
0.000126678
0.00012636
0.000126042
0.000125725
0.000125409
0.000125094
0.000124779
0.000124465
0.000124152
0.000123839
0.000123526
0.000123215
0.000122903
0.000122592
0.000122282
0.000121971
0.000121662
0.000121352
0.000121043
0.000120734
0.000120426
0.000120118
0.00011981
0.000119502
0.000119195
0.000118888
0.000118581
0.000118274
0.000117967
0.000117661
0.000117355
0.000117049
0.000116744
0.000116439
0.000116134
0.000115829
0.000115525
0.000115221
0.000114917
0.000114614
0.000114311
0.000114008
0.000113706
0.000113404
0.000113103
0.000112802
0.000112502
0.000112202
0.000111903
0.000111604
0.000111306
0.000111009
0.000110712
0.000110416
0.000110121
0.000109826
0.000109533
0.00010924
0.000108948
0.000108657
0.000108366
0.000108077
0.000107789
0.000107501
0.000107215
0.00010693
0.000106645
0.000106362
0.00010608
0.000105799
0.000105519
0.00010524
0.000104963
0.000104686
0.000104411
0.000104137
0.000103864
0.000103592
0.000103321
0.000103052
0.000102784
0.000102517
0.000102251
0.000101986
0.000101723
0.00010146
0.000101199
0.000100939
0.00010068
0.000100423
0.000100166
9.99102e-05
9.96556e-05
9.94021e-05
9.91496e-05
9.88981e-05
9.86476e-05
9.8398e-05
9.81493e-05
9.79016e-05
9.76547e-05
9.74086e-05
9.71634e-05
9.69189e-05
9.66752e-05
9.64322e-05
9.61899e-05
9.59483e-05
9.57073e-05
9.54669e-05
9.52272e-05
9.49879e-05
9.47492e-05
9.4511e-05
9.42733e-05
9.4036e-05
9.37991e-05
9.35626e-05
9.33265e-05
9.30908e-05
9.28554e-05
9.26203e-05
9.23854e-05
9.21509e-05
9.19166e-05
9.16826e-05
9.14487e-05
9.12151e-05
9.09817e-05
9.07485e-05
9.05155e-05
9.02827e-05
9.005e-05
8.98175e-05
8.95852e-05
8.93531e-05
8.91211e-05
8.88893e-05
8.86576e-05
8.84262e-05
8.8195e-05
8.79639e-05
8.77331e-05
8.75024e-05
8.7272e-05
8.70419e-05
8.6812e-05
8.65824e-05
8.6353e-05
8.6124e-05
8.58953e-05
8.56669e-05
8.5439e-05
8.52113e-05
8.49841e-05
8.47574e-05
8.4531e-05
8.43052e-05
8.40798e-05
8.38549e-05
8.36306e-05
8.34069e-05
8.31837e-05
8.29611e-05
8.27392e-05
8.25179e-05
8.22972e-05
8.20773e-05
8.18581e-05
8.16396e-05
8.14218e-05
8.12048e-05
8.09886e-05
8.07732e-05
8.05586e-05
8.03448e-05
8.01319e-05
7.99198e-05
7.97086e-05
7.94983e-05
7.92889e-05
7.90803e-05
7.88727e-05
7.86659e-05
7.84601e-05
7.82551e-05
7.80511e-05
7.7848e-05
7.76458e-05
7.74444e-05
7.7244e-05
7.70445e-05
7.68459e-05
7.66481e-05
7.64512e-05
7.62552e-05
7.60601e-05
7.58657e-05
7.56722e-05
7.54795e-05
7.52876e-05
7.50964e-05
7.4906e-05
7.47164e-05
7.45274e-05
7.43392e-05
7.41516e-05
7.39647e-05
7.37785e-05
7.35928e-05
7.34078e-05
7.32233e-05
7.30394e-05
7.2856e-05
7.26731e-05
7.24907e-05
7.23087e-05
7.21272e-05
7.19461e-05
7.17654e-05
7.15851e-05
7.14051e-05
7.12254e-05
7.10461e-05
7.08671e-05
7.06883e-05
7.05098e-05
7.03316e-05
7.01536e-05
6.99758e-05
6.97982e-05
6.96208e-05
6.94435e-05
6.92665e-05
6.90896e-05
6.89128e-05
6.87362e-05
6.85597e-05
6.83834e-05
6.82071e-05
6.8031e-05
6.78551e-05
6.76792e-05
