
Objective value: 
3.9575e-05
3.95613e-05
3.95448e-05
3.953e-05
3.95184e-05
3.95098e-05
3.95027e-05
3.9496e-05
3.9489e-05
3.94817e-05
3.94743e-05
3.94668e-05
3.94594e-05
3.94519e-05
3.94442e-05
3.94362e-05
3.94276e-05
3.94186e-05
3.94091e-05
3.93993e-05
3.93893e-05
3.93793e-05
3.93695e-05
3.93598e-05
3.93504e-05
3.93414e-05
3.93327e-05
3.93242e-05
3.93159e-05
3.93076e-05
3.92992e-05
3.92908e-05
3.92822e-05
3.92735e-05
3.92646e-05
3.92555e-05
3.92463e-05
3.92368e-05
3.92271e-05
3.92171e-05
3.92069e-05
3.91966e-05
3.91862e-05
3.91756e-05
3.91651e-05
3.91546e-05
3.91443e-05
3.91343e-05
3.91246e-05
3.91151e-05
3.91058e-05
3.90965e-05
3.90872e-05
3.9078e-05
3.90688e-05
3.90596e-05
3.90503e-05
3.9041e-05
3.90316e-05
3.90222e-05
3.90126e-05
3.90029e-05
3.89932e-05
3.89833e-05
3.89734e-05
3.89634e-05
3.89535e-05
3.89438e-05
3.89342e-05
3.89248e-05
3.89154e-05
3.8906e-05
3.88966e-05
3.8887e-05
3.88774e-05
3.88676e-05
3.88577e-05
3.88477e-05
3.88375e-05
3.88274e-05
3.88174e-05
3.88075e-05
3.87977e-05
3.87879e-05
3.87781e-05
3.87681e-05
3.87582e-05
3.87481e-05
3.8738e-05
3.87278e-05
3.87176e-05
3.87073e-05
3.86969e-05
3.86863e-05
3.86756e-05
3.86648e-05
3.86537e-05
3.86424e-05
3.8631e-05
3.86195e-05
3.86083e-05
3.85973e-05
3.85867e-05
3.85762e-05
3.85659e-05
3.85556e-05
3.85453e-05
3.85349e-05
3.85245e-05
3.8514e-05
3.85035e-05
3.84928e-05
3.8482e-05
3.84711e-05
3.84601e-05
3.84489e-05
3.84376e-05
3.84262e-05
3.84147e-05
3.84031e-05
3.83915e-05
3.838e-05
3.83685e-05
3.83572e-05
3.83461e-05
3.8335e-05
3.8324e-05
3.8313e-05
3.8302e-05
3.82909e-05
3.82798e-05
3.82687e-05
3.82574e-05
3.8246e-05
3.82344e-05
3.82227e-05
3.82107e-05
3.81985e-05
3.8186e-05
3.81731e-05
3.816e-05
3.81465e-05
3.8133e-05
3.81195e-05
3.81064e-05
3.80938e-05
3.80815e-05
3.80696e-05
3.80578e-05
3.80461e-05
3.80343e-05
3.80225e-05
3.80106e-05
3.79985e-05
3.79864e-05
3.79741e-05
3.79616e-05
3.79489e-05
3.79361e-05
3.7923e-05
3.79096e-05
3.7896e-05
3.78822e-05
3.78681e-05
3.78538e-05
3.78394e-05
3.78248e-05
3.78102e-05
3.77956e-05
3.7781e-05
3.77665e-05
3.77519e-05
3.77373e-05
3.77227e-05
3.7708e-05
3.76932e-05
3.76783e-05
3.76633e-05
3.76481e-05
3.76329e-05
3.76177e-05
3.76024e-05
3.75872e-05
3.75722e-05
3.75574e-05
3.75429e-05
3.75286e-05
3.75146e-05
3.75008e-05
3.74872e-05
3.74737e-05
3.74603e-05
3.74469e-05
3.74335e-05
3.74201e-05
3.74067e-05
3.73933e-05
3.73797e-05
3.73661e-05
3.73524e-05
3.73386e-05
3.73246e-05
3.73104e-05
3.7296e-05
3.72813e-05
3.72664e-05
3.72511e-05
3.72354e-05
3.72193e-05
3.72026e-05
3.71853e-05
3.71674e-05
3.71488e-05
3.71296e-05
3.71098e-05
3.70898e-05
3.70698e-05
3.70502e-05
3.70315e-05
3.70136e-05
3.69965e-05
3.69801e-05
3.6964e-05
3.69481e-05
3.69323e-05
3.69164e-05
3.69005e-05
3.68845e-05
3.68682e-05
3.68517e-05
3.6835e-05
3.68179e-05
3.68005e-05
3.67827e-05
3.67644e-05
3.67456e-05
3.67264e-05
3.67066e-05
3.66864e-05
3.66658e-05
3.6645e-05
3.66243e-05
3.66038e-05
3.65837e-05
3.65642e-05
3.65453e-05
3.65269e-05
3.65089e-05
3.64912e-05
3.64738e-05
3.64565e-05
3.64392e-05
3.6422e-05
3.64048e-05
3.63875e-05
3.63701e-05
3.63527e-05
3.63352e-05
3.63175e-05
3.62997e-05
3.62818e-05
3.62636e-05
3.62453e-05
3.62267e-05
3.62079e-05
3.61889e-05
3.61695e-05
3.61497e-05
3.61295e-05
3.61088e-05
3.60875e-05
3.60655e-05
3.60426e-05
3.60188e-05
3.59937e-05
3.5967e-05
3.59383e-05
3.5907e-05
3.58723e-05
3.58329e-05
3.57866e-05
3.57303e-05
3.56584e-05
3.55624e-05
3.54356e-05
3.53061e-05
3.52499e-05
3.5252e-05
3.52582e-05
3.52538e-05
3.52408e-05
3.52236e-05
3.52041e-05
3.51835e-05
3.5162e-05
3.51402e-05
3.5118e-05
3.50956e-05
3.5073e-05
3.50503e-05
3.50275e-05
3.50046e-05
3.49816e-05
3.49585e-05
3.49352e-05
3.49118e-05
3.48881e-05
3.48643e-05
3.48403e-05
3.4816e-05
3.47915e-05
3.47666e-05
3.47415e-05
3.47159e-05
3.46901e-05
3.46638e-05
3.46371e-05
3.461e-05
3.45824e-05
3.45543e-05
3.45258e-05
3.44968e-05
3.44673e-05
3.44373e-05
3.44068e-05
3.4376e-05
3.43447e-05
3.4313e-05
3.4281e-05
3.42487e-05
3.4216e-05
3.41831e-05
3.41498e-05
3.41162e-05
3.40822e-05
3.40478e-05
3.40129e-05
3.39775e-05
3.39414e-05
3.39046e-05
3.3867e-05
3.38285e-05
3.37889e-05
3.37483e-05
3.37066e-05
3.36639e-05
3.36202e-05
3.35759e-05
3.35312e-05
3.34868e-05
3.34431e-05
3.34009e-05
3.33605e-05
3.33222e-05
3.32859e-05
3.32515e-05
3.32187e-05
3.31871e-05
3.31564e-05
3.31264e-05
3.30969e-05
3.30677e-05
3.30387e-05
3.30099e-05
3.29811e-05
3.29522e-05
3.29233e-05
3.28942e-05
3.2865e-05
3.28354e-05
3.28055e-05
3.27752e-05
3.27444e-05
3.27131e-05
3.26811e-05
3.26483e-05
3.26147e-05
3.258e-05
3.25442e-05
3.2507e-05
3.24682e-05
3.24277e-05
3.2385e-05
3.234e-05
3.22921e-05
3.2241e-05
3.21861e-05
3.21269e-05
3.20628e-05
3.19933e-05
3.19182e-05
3.18378e-05
3.17532e-05
3.16667e-05
3.15816e-05
3.15014e-05
3.14283e-05
3.13631e-05
3.13045e-05
3.1251e-05
3.12009e-05
3.1153e-05
3.11065e-05
3.1061e-05
3.10161e-05
3.09717e-05
3.09277e-05
3.0884e-05
3.08405e-05
3.07972e-05
3.07541e-05
3.07111e-05
3.06682e-05
3.06254e-05
3.05826e-05
3.05398e-05
3.04971e-05
3.04543e-05
3.04116e-05
3.03688e-05
3.03259e-05
3.0283e-05
3.02401e-05
3.0197e-05
3.01539e-05
3.01106e-05
3.00672e-05
3.00236e-05
2.99797e-05
2.99356e-05
2.98911e-05
2.98463e-05
2.98009e-05
2.9755e-05
2.97085e-05
2.96612e-05
2.96129e-05
2.95637e-05
2.95132e-05
2.94613e-05
2.94077e-05
2.93523e-05
2.92945e-05
2.92342e-05
2.91707e-05
2.91034e-05
2.90317e-05
2.89546e-05
2.88709e-05
2.87789e-05
2.86766e-05
2.85612e-05
2.84291e-05
2.82757e-05
2.80961e-05
2.78869e-05
2.7654e-05
2.74223e-05
2.72345e-05
2.71157e-05
2.70494e-05
2.70054e-05
2.69648e-05
2.69216e-05
2.68753e-05
2.68269e-05
2.67772e-05
2.67267e-05
2.66757e-05
2.66245e-05
2.65733e-05
2.6522e-05
2.64708e-05
2.64195e-05
2.63683e-05
2.63169e-05
2.62654e-05
2.62137e-05
2.61617e-05
2.61094e-05
2.60566e-05
2.60032e-05
2.59492e-05
2.58944e-05
2.58387e-05
2.5782e-05
2.5724e-05
2.56648e-05
2.5604e-05
2.55416e-05
2.54772e-05
2.54107e-05
2.53418e-05
2.52703e-05
2.51958e-05
2.51181e-05
2.50368e-05
2.49515e-05
2.4862e-05
2.47678e-05
2.46687e-05
2.45645e-05
2.44551e-05
2.43405e-05
2.4221e-05
2.40972e-05
2.39699e-05
2.38404e-05
2.371e-05
2.35801e-05
2.34523e-05
2.33276e-05
2.32069e-05
2.30908e-05
2.29794e-05
2.28726e-05
2.27703e-05
2.26721e-05
2.25778e-05
2.2487e-05
2.23993e-05
2.23146e-05
2.22325e-05
2.21528e-05
2.20753e-05
2.19996e-05
2.19257e-05
2.18532e-05
2.17821e-05
2.17122e-05
2.16432e-05
2.15751e-05
2.15077e-05
2.14408e-05
2.13744e-05
2.13082e-05
2.12422e-05
2.11762e-05
2.11102e-05
2.10439e-05
2.09772e-05
2.091e-05
2.08421e-05
2.07734e-05
2.07037e-05
2.06328e-05
2.05604e-05
2.04863e-05
2.04104e-05
2.03321e-05
2.02512e-05
2.01672e-05
2.00795e-05
1.99877e-05
1.98909e-05
1.97881e-05
1.96782e-05
1.95596e-05
1.94304e-05
1.92879e-05
1.91284e-05
1.89468e-05
1.87354e-05
1.84826e-05
1.81693e-05
1.77631e-05
1.72061e-05
1.63983e-05
1.52577e-05
1.42189e-05
1.41057e-05
1.43605e-05
1.45752e-05
1.46395e-05
1.46227e-05
1.45724e-05
1.45111e-05
1.44439e-05
1.43732e-05
1.43004e-05
1.42265e-05
1.41522e-05
1.40779e-05
1.40038e-05
1.39299e-05
1.38563e-05
1.3783e-05
1.37099e-05
1.3637e-05
1.35642e-05
1.34914e-05
1.34185e-05
1.33455e-05
1.32722e-05
1.31985e-05
1.31244e-05
1.30497e-05
1.29742e-05
1.2898e-05
1.28208e-05
1.27426e-05
1.26631e-05
1.25822e-05
1.24997e-05
1.24155e-05
1.23293e-05
1.22409e-05
1.21501e-05
1.20564e-05
1.19597e-05
1.18594e-05
1.17552e-05
1.16464e-05
1.15326e-05
1.14129e-05
1.12866e-05
1.11527e-05
1.101e-05
1.08572e-05
1.06929e-05
1.05155e-05
1.03234e-05
1.01157e-05
9.89226e-06
9.65526e-06
9.41057e-06
9.1687e-06
8.94373e-06
8.74862e-06
8.58926e-06
8.46253e-06
8.35987e-06
8.27244e-06
8.19385e-06
8.12039e-06
8.05016e-06
7.9822e-06
7.91603e-06
7.8514e-06
7.78811e-06
7.72606e-06
7.66512e-06
7.60521e-06
7.54621e-06
7.48804e-06
7.43057e-06
7.37372e-06
7.31738e-06
7.26144e-06
7.2058e-06
7.15034e-06
7.09496e-06
7.03955e-06
6.98399e-06
6.92816e-06
6.87192e-06
6.81515e-06
6.7577e-06
6.69942e-06
6.64012e-06
6.57962e-06
6.51772e-06
6.45416e-06
6.38869e-06
6.32098e-06
6.25069e-06
0.00012828
0.000124029
0.000119606
0.000114985
0.000110132
0.000105008
9.95694e-05
9.37616e-05
8.75239e-05
8.07901e-05
7.34969e-05
6.56051e-05
5.71509e-05
4.83456e-05
3.97248e-05
3.22073e-05
2.67266e-05
2.34889e-05
2.1838e-05
2.09273e-05
2.02132e-05
1.94909e-05
1.87339e-05
1.79635e-05
1.71989e-05
1.64512e-05
1.57262e-05
1.50271e-05
1.43551e-05
1.37106e-05
1.3093e-05
1.25013e-05
1.19343e-05
1.13907e-05
1.08691e-05
1.03682e-05
9.88671e-06
9.42348e-06
8.97739e-06
8.5474e-06
8.13258e-06
7.73208e-06
7.34514e-06
6.97108e-06
6.60928e-06
6.25922e-06
5.92047e-06
5.59265e-06
5.27547e-06
4.96875e-06
4.67238e-06
4.38637e-06
4.11083e-06
0.000150374
0.000128381
0.000107665
8.83196e-05
7.04629e-05
5.42419e-05
3.98354e-05
3.34487e-05
2.79661e-05
2.21304e-05
1.72266e-05
9.48538e-06
-0.000607227
6.33583e-06
2.37147e-05
6.17754e-05
0.000133375
3.96919e-06
6.29497e-06
1.13186e-05
1.86966e-05
6.78162e-05
0.000150436
0.00015382
0.000124208
0.000106443
0.000103818
0.00010882
0.000117474
0.000128013
0.000140103
0.000153637
0.00016832
0.000184118
0.000201284
0.000219906
0.000260203
0.000336122
0.000381681
0.000403543
0.000416081
0.000430283
0.000449507
0.000474424
0.000505051
0.000541396
0.000583616
0.000632036
0.000687414
0.00147572
0.000547926
0.000393515
0.00027232
0.000180237
0.000122638
8.73499e-05
6.08042e-05
4.24593e-05
3.09318e-05
0.000675701
0.000266087
0.00209264
0.00310522
0.00155929
0.00523222
10.1404
81.5959
162.702
53.9458
0.00038181
0.000353908
0.0111768
0.00594982
0.000588096
14.4063
38.0304
63.8242
80.4778
83.1354
88.8719
102.283
124.451
149.031
167.398
174.873
182.57
196.291
218.169
241.483
259.033
266.977
275.867
289.988
311.193
332.071
347.841
356.6
367.303
381.742
400.918
419.153
434.931
446.855
460.219
475.344
493.678
511.12
527.528
541.11
556.095
572.012
591.103
609.271
627.283
641.718
658.11
674.609
696.325
715.344
735.075
746.197
763.093
778.018
805.816
823.267
845.853
846.156
865.89
876.519
913.825
925.618
956.146
942.865
968.787
971.742
1008.79
1018.97
1059.77
1045.16
1073.06
1067.41
1101.86
1111.85
1151.36
1145.77
1175.44
1168.51
1202.02
1207.43
1245.54
1244.09
1279.63
1271.46
1307.42
1305.32
1346.76
1343.19
1388.81
1374.33
1418.45
1404.17
1449.31
1440.46
1491.55
1476.61
1531.33
1506.93
1555.35
1537.42
1581.44
1574.95
1627.53
1614.49
1671.21
1642.6
1688.86
1671.41
1711.01
1711.32
1763.42
1754.74
1807.83
1778.28
1820.31
1807.25
1844.44
1850.11
1903.65
1893.66
1937.29
1911.93
1950.83
1946.85
1985.26
1990.63
2046.26
2028.3
2067.58
2046.33
2085.53
2087.96
2130.79
2130.68
2184.51
2160.87
2202.04
2184.3
2224.52
2227.14
2276.52
2269.05
2321.42
2293.82
2336.87
2322.58
2362.34
2365.09
2420.08
2407.38
2457.13
2427.65
2469.74
2460.46
2499.1
2504.04
2563.91
2545.8
2589.84
2561.23
2600.8
2599.53
2637.45
2644.35
2704.4
2681.96
2719.03
2695.87
2733.67
2740.73
2781.34
2784.71
2834.92
2812.78
2849.59
2835.13
2875.42
2881.08
2933
2920.55
2968.78
2941.1
2983.96
2974.12
3015.39
3016.84
3081.27
3056.89
3107.82
3072.61
3112.83
3108.46
3144.43
3156.33
3230.52
3200.68
3234.44
3203.17
3237.02
3251.71
3282.31
3300.96
3345.27
3332.37
3349.7
3343.48
3380.37
3404.12
3449.36
3434.62
3452.83
3444.88
3480.7
3503.74
3547.93
3536.14
3555.09
3546.55
3581.97
3602.22
3646.46
3635.94
3658.77
3647.76
3684.1
3698.76
3744.63
3734.21
3766.98
3749.09
3788.26
3790.53
3836.62
3828.93
3886.23
3853.95
3900.16
3876.42
3914.32
3915.48
3965.07
3961.99
4030.14
3983.89
4026.59
4000.2
4028.98
4044.43
4085.09
4103.47
4139.57
4112.73
4130.83
4131.88
4164.85
4197.22
4245.38
4224.36
4225.92
4223.49
4255.04
4284.36
4311.58
4305.71
4315.77
4323.9
4349.66
4369
4392.66
4395.28
4411.94
4419.35
4445.01
4455.79
4478.65
4480.36
4502.72
4507.83
4533.42
4538.63
4564.3
4566.04
4592.76
4594.1
4622.48
4622.55
4652.26
4650.29
4681.45
4677.93
4710.61
4705.59
4739.92
4733.17
4769.01
4760.44
4797.46
4787.53
4825.4
4814.66
4853.3
4841.9
4881.36
4869.06
4909.15
4895.98
4936.3
4922.78
4963.2
4949.74
4990.58
4976.81
5018.23
5003.55
5044.99
5029.86
5070.71
5056.34
5097.06
5083.38
5125.01
5110.27
5152.49
5136.1
5177.2
5161.64
5201.44
5188.51
5229.71
5216.41
5260.56
5242.37
5285.87
5266
5304.98
5291.43
5329.84
5321.59
5368.72
5351.14
5402.94
5371.24
5411.77
5391.14
5419.44
5422.37
5463.99
5469.96
5535.75
5487.19
5528.68
5492.36
5509.85
5522.52
5543.25
5591.17
5637.58
5633.98
5600.8
5602.05
5625.12
5635.58
5677.21
5687.19
5733.16
5696.66
5731.52
5710.26
5730.88
5743.09
5776.59
5799.39
5835.21
5811.04
5825.1
5819.14
5841.95
5866.12
5898.36
5903.13
5912.51
5909.13
5938.21
5954.47
5983.94
5975.13
5998.08
5993.32
6025.41
6029.74
6067.55
6054.82
6096.28
6074.27
6113.5
6096.81
6131.98
6125.91
6171.04
6161.09
6218.52
6180.53
6230.79
6194.57
6219.99
6219.12
6246.28
6279.58
6353.03
6324.54
6318.57
6291.86
6319.44
6348.81
6362.93
6387.56
6403.24
6443.14
6435.76
6457.77
6437.88
6473.91
6477.75
6503.81
6502.34
6558.67
6549.92
6605.07
6549.92
6603.35
6571.32
6584.54
6595.47
6637
6714
6765.6
6695.74
6666.14
6672.84
6679.56
6715.32
6762.26
6825.23
6796.56
6782.12
6769.65
6804.39
6849.43
6887.82
6877.57
6867.47
6873.98
7030.01
7090.05
7200.8
6953.66
6984.94
6962.28
6938.63
7054.85
7100.58
7119.16
7015.87
7068.83
7188.21
7054.3
7091.88
7052.65
7043.95
7132.48
7132.96
7396.49
7142.78
7585.21
7182
7155.2
7142.15
7133.58
7245.74
7333.51
7438.05
7233.88
7233.71
7225.14
7196.2
7695.6
7584.14
7429.62
7298.36
7318.45
7299.13
7294.86
7443.22
7455.75
7632.77
7371.67
7554.19
7379.13
7349.69
7349.87
7340.26
7438.04
7679.01
7686.12
7453.27
7407.07
7561.38
7414.95
7471.41
7415.06
7403.2
7456.02
7449.9
7669.94
7505.52
7808.86
7485.22
7464.7
7443.6
7428.09
7571.08
7595.63
7662.16
7493.42
7633.52
7543.55
7484.61
7482.55
7491.79
7511.12
7930.24
8082.35
7870.9
7612.11
7613.74
7589.35
7568.86
7716.71
7692.92
7734.58
7608.79
7727.99
7699.51
7613.74
7607.57
7720.03
7625.55
7904.77
7655.31
7639.09
7599.36
7585.55
7773.38
7695.52
7830.96
7637.01
7653.45
7626.3
7600.7
7895.03
7775.85
7785.1
7645.24
7651.69
7949.45
7685.88
8068.24
7714.07
7683.33
7666.74
7652.07
7757.52
7844.56
7895.13
7729.43
7726.61
7765.54
7691.32
8109.11
7864.04
7778.54
7717.74
7709.65
7733.62
7749.14
7961.44
7933.69
8081.9
7794.82
7891.97
7794.43
7756.97
7783.91
7772.06
7829.8
7920.18
8046.89
7868.88
7825.71
7802.64
7776.84
7842.1
7912.55
7915.66
7848.1
7837.44
8091.99
7875.49
8095.83
7851.07
7827.74
7818.65
7801.93
7928.55
8066.32
8045.62
7878.3
7859.95
7977.94
7855.7
8006.4
7878.6
7858.61
7846.21
7839.91
7996.51
8123.24
8327.63
7951.23
7932.08
7908.71
7880.25
8011.56
8017.73
8015.99
7924.05
8234.21
8237.62
8006.71
7952.74
8157.77
7971.22
8010.42
7955.12
7941.4
8051.14
8003.96
8184.85
7997.26
8033.83
7965.56
7948.32
8068.97
7997.21
8136.03
7989.89
7999.25
7967.95
7953.19
8439.89
8141.2
8244.62
8028.85
8010.19
8037.28
7999.48
8127.89
8163.33
8116.22
8039.63
8129.56
8098.58
8060.72
8052.86
8139.69
8122.44
8393.69
8123.32
8277.78
8091.41
8067.75
8074.11
8056.35
8170.71
8405.8
8310.33
8146.23
8108.38
8126.63
8097.52
8167.52
8299.68
8238.42
8173.12
8132.34
8161.54
8154.97
8190.32
8274.55
8547.77
8325.6
8228.88
8176.11
8164.61
8180
8208.68
8332.35
8443.91
8374.29
8237.36
8229.03
8243.89
8205.56
8413.03
8483.8
8343.27
8247.18
8283.7
8241.77
8244.8
8340.33
8312.27
8746.61
8347.25
8421.88
8289.49
8268.66
8321.96
8281.09
8387.23
8349.7
8363.08
8303.83
8366.51
8583.07
8378.65
8373.11
8310.69
8296.39
8587.02
8386.09
8531.74
8344.96
8330.16
8333.93
8314.74
8493.22
8774.77
8588.04
8411.21
8383.26
8378.98
8368.47
8459.39
8569.2
8621.66
8452.72
8429.43
8471.53
8405.35
8530.88
8513.64
8459.01
8425.06
8609.96
8492.01
8529.88
8436.26
8435.92
8539.99
8454.19
8868.28
8521.9
8502.16
8453.74
8440.69
8584.16
8527.3
8650.7
8496.09
8529.78
8490.22
8469.62
8602.66
8567.2
8649.76
8513.91
8593.56
8538.48
8502.4
8526.97
8545.41
8583.25
8698.81
8806.92
8677.86
8581.93
8575.84
8558.32
8561.01
8758.41
8739.55
9100.23
8667.14
8782.62
8640.65
8615.58
8642.03
8622.17
8711
8780.52
8817.01
8688.78
8693.93
8751.03
8664.17
9092.58
8790.52
8731.56
8680.62
8670.08
8718.78
8732.04
8877.69
8786.28
9062.02
8767.75
8760.41
8721.11
8704.83
8907.78
8817.99
8906.2
8754.76
8767.51
8771.4
8737.23
9131.26
9407.38
8991.54
8852.27
8841.55
8818.82
8827.34
8921.69
8926.07
9079.64
8896.34
9088.62
8894.66
8865.58
8857.35
8844.3
8940.65
9081.13
9117.42
8936.51
8904.05
8982.08
8892.61
8977.49
8933.6
8912.42
8918.1
8961.66
9055.23
9624.21
9131.26
9036.01
8976.4
8959.65
8985.16
9003.21
9068.31
9127.97
9245.81
9077.36
9072.17
9030.46
9003.36
9268.35
9117.47
9150.9
9033.59
9030.56
9163.89
9050.85
9364.05
9094.57
9074.96
9041.19
9029.92
9179.21
9153.83
9294.81
9098.93
9222.26
9104.65
9076.17
9087.34
9079.6
9175.32
9472.43
9540.15
9219.26
9156.93
9200.09
9139.55
9179.25
9225.46
9194.91
9258.45
9249.22
9278.55
9231
9430.85
9381.27
9297
9218.77
9280.98
9243.05
9239.15
9266.98
9305.2
9645.75
9470.2
9413.97
9285.48
9281.34
9325.66
9281.94
9427.38
9384.36
9373.54
9302.91
9366.49
9516.43
9364.56
9375.18
9322.7
9308.63
9766.79
9445.61
9592.55
9377.41
9356.77
9371
9347.49
9463.26
9588.28
9546.05
9421.94
9406.35
9463.48
9402.04
9569.54
9483.2
9460.7
9410.69
9428.64
9554.15
9487.08
9745.57
9485.9
9497.77
9441.9
9427.02
9755.07
9543.27
9664.66
9487.23
9474.75
9490.63
9466.68
9653.42
9773.21
9690.56
9539.93
9541.65
9552.11
9519.99
9772.8
9843.33
9706.13
9581.9
9621.52
9583.4
9576.25
9677.67
9668.71
9880.71
9654.74
9888.13
9652.38
9624.61
9616.74
9604.47
9707.07
9833.79
9890.65
9703.9
9678
9720.25
9657.44
9772.29
9776.46
9725.82
9692.1
10087.6
9811.72
9839.61
9719.68
9706.83
9911.86
9754.69
9894.46
9748.93
9738.41
9739.98
9728.81
9984.97
10385.2
10182.7
9878.49
9842.86
9843.18
9821.05
9883.71
9937.38
9956.18
9914.29
9924.71
10014.1
9957.82
10286.8
9980.4
9985.48
9907.91
9891.38
10155.5
9974.93
10091
9938.18
9927.83
9943.21
9921.2
10150.9
10295.1
10185.5
10003.7
10000.7
10002.8
9975.13
10150.4
10227.6
10160.5
10035.3
10063.3
10066.5
10028.8
10215
10534.6
10227
10108.9
10080.6
10066.7
10082
10163.3
10224.1
10356.5
10175.2
10184.7
10135.1
10109.9
10525.9
10252.3
10301.9
10160.2
10146.8
10257.2
10169.9
10332.3
10203.6
10200.7
10171
10169.3
10602.1
10376.9
10816.6
10312.2
10280.9
10258.2
10240.4
10319
10349.5
10393.8
10326.4
10426.8
10391.4
10347.7
10326.4
10413.8
10395.6
10486.9
10374.6
10563
10400.7
10367.8
10343.3
10336.4
10436.9
10493.6
10690.7
10440.9
10469.3
10396.3
10373.9
10595.4
10455.5
10547.6
10416.2
10414.8
10439.7
10411.5
10848.4
10725.4
10658.1
10486.9
10502.5
10527.1
10480.5
10636.1
10674.7
10603.1
10524.7
10615.9
10567.2
10555.6
10554.8
10601.5
10824.8
11261.9
10799.6
10656.7
10624.6
10607
10620.2
10677.7
10714.1
10828.8
10734.5
10775.1
10685.6
10682.4
10795.7
10701.9
10954.4
10735.3
10723.2
10679.6
10669.8
10900.1
10802.3
10989.2
10745.1
10758.2
10727.6
10706.3
11033.6
10899.1
10952.1
10775.3
10782.8
10862.2
10775.6
11068.7
10870.4
10842.1
10789
10786.2
10919.9
10878.7
11171.9
10883.1
10961.5
10846.2
10827.8
10893.6
10857
10996.9
10929.2
10992.6
10887.7
10921.5
10944.8
10898.2
11061.8
11189.8
11038.7
10944.3
10944.5
10928.8
10943.2
11200.8
11183.8
11399.6
11040
11155.1
11033.5
10999.9
11037.1
11022.5
11101.1
11165
11332.6
11131.4
11134.2
11073.4
11052.6
11397.5
11174.3
11262.9
11102.8
11092.5
11141.6
11098.2
11320.1
11240
11241.9
11133.6
11171.8
11462.9
11208.4
11333.4
11176.4
11158.7
11185.1
11164.4
11341.7
11421.4
11461.4
11248.1
11273.5
11332.6
11230.7
11449.1
11351.5
11288.9
11249.6
11278.6
11308.5
11366.6
11499.3
11524.7
11417
11340.7
11466.1
11360.4
11369.9
11347.9
11347.5
11845.1
11647.9
12191.4
11532.4
11498.1
11463.4
11442.2
11510
11522.8
11562.5
11544.8
11731.5
11633.5
11690
11537.3
11551.7
11628.3
11534.1
11778.7
11625.7
11587.8
11538.3
11543
11647.1
11638.1
12007
11666.9
12042.6
11662.9
11625.6
11613
11598.4
11686.8
11768.1
11839.3
11713
11708.3
11717.2
11674
12051.9
12291.2
11923.2
11769.5
11761.7
11736.2
11747
11853.8
11865.5
12018.4
11835.4
12012
11832.7
11802.3
11799.5
11787.1
11905.6
12094.2
12167.4
11913.4
11866
11908.8
11844.5
11923.6
11987
11937.4
11934.5
11958.8
11981.5
12338.4
12294.5
12358.6
12024.9
12096.6
12096.9
11998.5
12076.7
12238.5
12076.4
12099.5
12042
12027.9
12343.1
12160.7
12344.6
12091.5
12082.1
12077.8
12052.9
12261.2
12385.7
12337.4
12146.7
12151.5
12210
12129.7
12388.8
12272.5
12220.7
12152.6
12178
12242.9
12227.2
12469.7
12308.2
12600.7
12266
12249.5
12220.9
12202.6
12361.6
12375.1
12456.7
12287.9
12513.8
12363.8
12297.9
12278.2
12285.9
12335.7
12481.8
12788.1
12527.8
12396.5
12350.7
12340.9
12357.2
12423.6
12515.1
12654.5
12505.9
12459.7
12423.6
12410.2
12500.5
12546.8
12670.9
12516.1
12599.6
12496.2
12467.4
12524
12494.2
12626.9
12604.5
12719.6
12546.3
12745.7
12581.8
12535.7
12524.1
12522.5
12616.2
12823.4
13146.5
12719.8
12633.2
12603.8
12581.6
12630.2
12697.9
12739.5
12760.3
12727.7
12782.3
12866.2
12858.1
12839.8
12780.5
13066.3
13025.2
12883.1
12772.2
12895.6
12799.3
12799.2
12802.4
12812.1
13276.3
13591.2
13606.5
13018.9
12973.7
13023.1
12937.1
12987
13013.1
12992.8
13085.6
13170.9
13163.5
13059.7
13059.3
13269.8
13077.3
13353.7
13077.3
13049.3
13026.7
13011.7
13174.4
13260.9
13369.5
13123.8
13148.9
13130.3
13074.1
13403.7
13390.9
13262.2
13136.9
13316.4
13188.6
13174.3
13155.4
13166.1
13452
13516.1
13940.3
13339.8
13374.4
13275.6
13244.7
13397.4
13318.5
13382
13306.4
13353.6
13397.1
13371.2
13482.3
13522.4
13630.6
13431.9
13563.4
13444.9
13383.8
13409.2
13405.4
13459
13712.7
13903.4
13700.8
13520.1
13484.4
13465.4
13474.6
13593.6
13657.6
13773.2
13618.5
13612.7
13554.9
13526.3
13805
13645.9
13685.7
13576.8
13560.3
13604
13563.1
13688
13613.6
13605.4
13559.3
13561.6
13852.4
13643
14699.9
13792.1
13662.6
13623.9
13604.4
13607.9
13648.1
13717.4
14333.4
13797.2
13689.4
13630
13608.2
13613.7
13625.2
13697.7
14084.2
13911.4
13696
13626.7
13614.4
13597
13610.6
13786.9
13756.8
13801
13629.6
13675.4
13650.2
13591.4
13618.7
13666.8
13610.8
13651.1
13614.7
13596.8
13609.4
13615.2
13690.3
13770.5
14051.7
13686.3
13626.1
13585.8
13566.2
13591.5
13611
13680.5
13663.9
13694.7
13603.8
13711.3
13656.9
13587.6
13567.6
13582.7
13569.3
13657
13718
13757.5
13603.5
13589.9
13609.7
13555.9
13721.4
13693.2
13605.9
13556.9
13623.9
13567.1
13576.8
13561.6
13562
13787.8
13732.1
19102.3
14634.2
14038.6
13873.2
13815.7
13783.5
13766.1
13774.2
13796.8
13862.1
14062.6
13872.3
13750.6
13687.7
13660.8
13648.8
13653.9
13701
13828.1
14164.4
13767.1
13660.2
13618.4
13595.6
13597.8
13626.6
13675.3
14765.6
13906.7
13728.8
13638.3
13608.3
13601.8
13602.9
13651.1
13963.6
16064
14159.1
13802.2
13716.8
13679.5
13660.1
13663.6
13690.3
13749
14411.2
13870.4
13719
13639.9
13611
13604.6
13606.9
13653.7
13976.1
14855
13908.9
13694.2
13637.9
13609.9
13599.9
13619.5
13659.7
13828.4
13738.3
13654
13584.4
13576.4
13567.9
13564.8
13839.3
13884.7
14439.6
13751.5
13676.7
13597.6
13568.4
13583
13574.4
13619.3
13711.3
13854.5
13650.2
13580.9
13552.3
13532.5
13545.3
13593.5
13639.8
13720.7
13596.3
13573.8
13543.6
13521.1
13603.4
13589.9
13615.1
13541.1
13681.7
13625.9
13549.1
13516.1
13532.5
13519.4
13556
13639.1
13697.3
13592.8
13535.6
13535.5
13512
13516
19102.3
15423.2
15258.6
14485.6
14260.1
14186.4
14076.5
14011
13981.5
13915.9
13883.1
13901.1
13818.5
13818.7
13872.1
13736.7
19102.3
15049.8
14209.5
13973
13876.8
13819
13779.7
13757
13743.3
13738.3
13765.7
13830.3
14171.9
13819.4
13679.2
13603.5
13571.1
13561.4
13562.4
13595.1
13758.1
16344
14238
13738.9
13605
13559.9
13540.7
13538
13562.3
13628.3
14432.5
13817.9
13618.2
13534.7
13507.1
13500.7
13508.3
13559.8
13848.7
13864.9
13613.7
13517.3
13644.6
13519
13500
13486.3
13478.9
13575.4
13643.7
13808
13564.2
13516.6
13483.5
13466.5
13497.4
13523.3
13593.2
13551.3
13556.2
13502.4
13509.6
13936.7
13609.3
13813.5
13549.1
13485.5
13471.8
13461.4
13482.2
13614.6
13699.3
13615.3
13505.3
13487.7
13480.6
13469.5
13571.2
13790.1
13733.7
13540.8
13482.1
13496.7
13466.9
13483.3
13601.4
13552.4
13602.4
13498.6
13498.9
13497.4
13471.7
19102.3
16777.4
14566.8
13922.9
13733.4
13655.6
13614.8
13592.9
13587.4
13597.7
13635.2
13946.2
13831.1
13637.2
13528.7
13506.7
13485.2
13482.8
13556
13573.1
14390.3
13723
13647.2
13501.7
13459.8
13471.7
13457.9
13487.9
13623
13634.4
13554.5
13478.2
13636
13509.6
13476
13452.1
13447.5
13491.4
13527.5
13927.5
13607.3
13533.1
13459.9
13439.8
13455.2
13458.5
13534.3
13586.3
14130.1
13641.2
13524.4
13456.1
13435.8
13442.9
13456.4
13531.7
13750.1
13666.5
13516.2
13457.4
13456.6
13443.3
13458.6
16213.3
14298.3
13774.8
13501
13426.7
13410.6
13411
13432.3
13522.9
19102.3
14915.9
13763.9
13434
13350.5
13338.7
13349.3
13378.3
13538.8
13610.9
13515
13434.4
13430
13424.1
13428.3
13865.4
13874.1
14019.4
13581.8
13717.6
13504.3
13430.2
13421.2
13414.3
13431.1
13631.8
13760.9
13625.3
13476.3
13439.2
13427.8
13423.7
13463.2
13593.7
13959.9
13615.5
13477.2
13427.9
13414
13419.7
13447.9
13558.1
13803.8
13590.9
13474.3
13430.8
13419.5
13424.8
13455.2
13592.7
13841.9
13596.7
13471.6
13428.9
13416.8
13422
13454.4
13578.5
13840.1
13591.8
13471.1
13427.7
13415.7
13421.6
13453
13579.2
13787.4
13578.3
13467
13428.5
13417.4
13423.5
13459
13594.8
13785.4
13570.2
13463
13427.6
13416.4
13423.4
13462.9
13592.3
13739.8
13551.1
13458.2
13429.4
13418.4
13426.9
13476.1
13599.2
13691.5
13526.9
13452.2
13436
13422.2
13433.1
13529.9
13580.6
13632.9
13490.3
13464
13456.2
13430.4
13482.3
13672.9
13557.5
13482.7
13433.5
13425.8
13433.6
13450.1
13662.7
13727.6
13613.3
13469
13446.5
13427
13418.9
13488.8
13524
13672.4
13509.2
13483.8
13435.9
13420.5
13480
13464.3
13543.1
13476.6
13544.4
13468.5
13448.7
13443
13438.9
13507.5
13766.5
13990.6
13599.9
13453.7
13412.2
13397.4
13404.3
13441.3
13535.6
13715.4
13544.1
13457.3
13422
13413
13422.9
13458.7
13625.7
13659.9
13528.8
13445.2
13465.1
13430.4
13428.7
13500.8
13484
14589.8
13776.4
13590.6
13425.3
13377.7
13377.4
13385.2
13414
19102.3
15489.1
14060
13508.3
13332.1
13292.4
13300.7
13327.5
13383.8
13579.9
13503
13443.3
13404.8
13409.9
13422.4
13445.3
13752.3
13648.8
13540.9
13432.7
13409.8
13405.4
13407.9
13470.5
13803.2
14235.4
13672.1
13446.9
13374.6
13357.2
13365.7
13393
13482.6
13621.1
13525.4
13446.3
13414.1
13411.9
13418.2
13453.2
14191.8
13922.1
13580.5
13413.3
13366.8
13358.7
13370.8
13408.9
13601
13596.8
13495.1
13424.4
13812.4
13536.5
13441.5
13392.9
13383.4
13397.9
13424.7
13579.5
13571.1
13509.7
13435.3
13603
13483.5
13434.7
13407.9
13406.2
13429.4
13466
14455.5
13801.9
13521.3
13381.3
13342.8
13345.8
13364.6
13410.7
13972.4
13663.2
13487.7
13394.3
13370.4
13374.7
13392.3
13454.3
13796.6
13616.9
13475.5
13403.9
13387.7
13390.7
13408.7
13494.5
13979.1
13673.5
13476.6
13391.4
13369.9
13374
13394.1
13461.9
13820.9
13612.9
13469.8
13399.7
13383.2
13387.8
13407.3
13491.7
13785.2
13604.1
13464.1
13400.6
13386.3
13390.3
13411.3
13507.6
13835.7
13614
13461.4
13395.3
13379.7
13384.8
13406.8
13495.7
13743.6
13580.4
13456.8
13401
13389.2
13394.2
13417
13531.9
13758.5
13581.5
13451.1
13397.7
13385.8
13391.3
13416.5
13529.9
13727.5
13564.5
13447
13399.3
13388.8
13395
13422
13550
13701.6
13550.6
13441.3
13394.7
13383.3
13385.9
13392.8
13399.9
13406
13410.6
13414
13416.3
13418
13419.1
13419.8
13420.3
13420.6
13420.8
13420.9
13421
13421.1
13421.1
13421.1
13421.1
13421.2
13421.2
13421.2
13421.2
13421.2
13421.2
13421.2
13421.2
13421.2
13421.2
13421.2
13421.2
13421.2
13421.2
13421.2
13421.2
13421.2
13421.2
13421.2
13421.2
13421.2
13421.2
13421.2
13421.2
13421.2
13421.2
13421.2
13421.2
13421.2
13421.2
13421.2
13421.2
13421.2
13421.2
13421.2
13421.2
13421.2
13421.2
13421.2
13421.2
13421.2
13421.2
13421.2
13421.2
13421.2
13421.2
13421.2
13421.2
13421.2
13421.2
13421.2
13421.2
13421.2
13421.2
13421.2
13421.2
13421.2
13421.2
13421.2
13421.2
13421.2
13421.2
13421.2
13421.2
13421.2
13421.2
13421.2
13421.2
13421.2
13421.2
13421.2
13421.2
13421.2
13421.2
13421.2
13421.2
13421.2
13421.2
13421.2
13421.2
13421.2
13421.2
13421.2
13421.2
13421.2
13421.2
13421.2
13421.2
13421.2
13421.2
13421.2
13421.2
13421.2
13421.2
13421.2
13421.2
13421.2
13421.2
13421.2
13421.2
13421.2
13421.2
13421.2
13421.2
13421.2
13421.2
13421.2
13421.2
13421.2
13421.2
13421.2
13421.2
13421.2
13421.2
13421.2
13421.2
13421.2
13421.2
13421.2
13421.2
13421.2
13421.2
13421.2
13421.2
13421.2
13421.2
13421.2
13421.2
13421.2
13421.2
13421.2
13421.2
13421.2
13421.2
13421.2
13421.2
13421.2
13421.2
13421.2
13421.2
13421.2
13421.2
13421.2
13421.2
13421.2
13421.2
13421.2
13421.2
13421.2
13421.2
13421.2
13421.2
13421.2
13421.2
13421.2
13421.2
13421.2
13421.2
13421.2
13421.2
13421.2
13421.2
13421.2
13421.2
13421.2
13421.2
13421.2
13421.2
13421.2
13421.2
13421.2
13421.2
13421.2
13421.2
13421.2
13421.2
13421.2
13421.2
13421.2
13421.2
13421.2
13421.2
13421.2
13421.2
13421.2
13421.2
13421.2
13421.2
13421.2
13421.2
13421.2
13421.2
13421.2
13421.2
13421.2
13421.2
13421.2
13421.2
13421.2
13421.2
13421.2
13421.2
13421.2
13421.2
13421.2
13421.2
13421.2
13421.2
13421.2
13421.2
13421.2
13421.2
13421.2
13421.2
13421.2
13421.2
13421.2
13421.2
13421.2
13421.2
13421.2
13421.2
13421.2
13421.2
13421.2
13421.2
13421.2
13421.2
13421.2
13421.2
13421.2
13421.2
13421.2
13421.2
13421.2
13421.2
13421.2
13421.2
13421.2
13421.2
13421.2
13421.2
13421.2
13421.2
13421.2
13421.2
13421.2
13421.2
13421.2
13421.2
13421.2
13421.2
13421.2
13421.2
13421.2
13421.2
13421.2
13421.2
13421.2
13421.2
13421.2
13421.2
13421.2
13421.2
13421.2
13421.2
13421.2
13421.2
13421.2
13421.2
13421.2
13421.2
13421.2
13421.2
13421.2
13421.2
13421.2
13421.2
13421.2
13421.2
13421.2
13421.2
13421.2
13421.2
13421.2
13421.2
13421.2
13421.2
13421.2
13421.2
13421.2
13421.2
13421.2
13421.2
13421.2
13421.2
13421.2
13421.2
13421.2
13421.2
13421.2
13421.2
13421.2
13421.2
13421.2
13421.2
13421.2
13421.2
13421.2
13421.2
13421.2
13421.2
13421.2
13421.2
13421.2
13421.2
13421.2
13421.2
13421.2
13421.2
13421.2
13421.2
13421.2
13421.2
13421.2
13421.2
13421.2
13421.2
13421.2
13421.2
13421.2
13421.2
13421.2
13421.2
13421.2
13421.2
13421.2
13421.2
13421.2
13421.2
13421.2
13421.2
13421.2
13421.2
13421.2
13421.2
13421.2
13421.2
13421.2
13421.2
13421.2
13421.2
13421.2
13421.2
13421.2
13421.2
13421.2
13421.2
13421.2
13421.2
13421.2
13421.2
13421.2
13421.2
13421.2
13421.2
13421.2
13421.2
13421.2
13421.2
13421.2
13421.2
13421.2
13421.2
13421.2
13421.2
13421.2
13421.2
13421.2
13421.2
13421.2
13421.2
13421.2
13421.2
13421.2
13421.2
13421.2
13421.2
13421.2
13421.2
13421.2
13421.2
13421.2
13421.2
13421.2
13421.2
13421.2
13421.2
13421.2
13421.2
13421.2
13421.2
13421.2
13421.2
13421.2
13421.2
13421.2
13421.2
13421.2
13421.2
13421.2
13421.2
13421.2
13421.2
13421.2
13421.2
13421.2
13421.2
13421.2
13421.2
13421.2
13421.2
13421.2
13421.2
13421.2
13421.2
13421.2
13421.2
13421.2
13421.2
13421.2
13421.2
13421.2
13421.2
13421.2
13421.2
13421.2
13421.2
13421.2
13421.2
13421.2
13421.2
13421.2
13421.2
13421.2
13421.2
13421.2
13421.2
13421.2
13421.2
13421.2
13421.2
13421.2
13421.2
13421.2
13421.2
13421.2
13421.2
13421.2
13421.2
13421.2
13421.2
13421.2
13421.2
13421.2
13421.2
13421.2
13421.2
13421.2
13421.2
13421.2
13421.2
13421.2
13421.2
13421.2
13421.2
13421.2
13421.2
13421.2
13421.2
13421.2
13421.2
13421.2
13421.2
13421.2
13421.2
13421.2
13421.2
13421.2
13421.2
13421.2
13421.2
13421.2
13421.2
13421.2
13421.2
13421.2
13421.2
13421.2
13421.2
13421.2
13421.2
13421.2
13421.2
13421.2
13421.2
13421.2
13421.2
13421.2
13421.2
13421.2
13421.2
13421.2
13421.2
13421.2
13421.2
13421.2
13421.2
13421.2
13421.2
13421.2
13421.2
13421.2
13421.2
13421.2
13421.2
13421.2
13421.2
13421.2
13421.2
13421.2
13421.2
13421.2
13421.2
13421.2
13421.2
13421.2
13421.2
13421.2
13421.2
13421.2
13421.2
13421.2
13421.2
13421.2
13421.2
13421.2
13421.2
13421.2
13421.2
13421.2
13421.2
13421.2
13421.2
13421.2
13421.2
13421.2
13421.2
13421.2
13421.2
13421.2
13421.2
13421.2
13421.2
13421.2
13421.2
13421.2
13421.2
13421.2
13421.2
13421.2
13421.2
13421.2
13421.2
13421.2
13421.2
13421.2
13421.2
13421.2
13421.2
13421.2
13421.2
13421.2
13421.2
13421.2
13421.2
13421.2
13421.2
13421.2
13421.2
13421.2
13421.2
13421.2
13421.2
13421.2
13421.2
13421.2
13421.2
13421.2
13421.2
13421.2
13421.2
13421.2
13421.2
13421.2
13421.2
13421.2
13421.2
13421.2
13421.2
13421.2
13421.2
13421.2
13421.2
13421.2
13421.2
13421.2
13421.2
13421.2
13421.2
13421.2
13421.2
13421.2
13421.2
13421.2
13421.2
13421.2
13421.2
13421.2
13421.2
13421.2
13421.2
13421.2
13421.2
13421.2
13421.2
13421.2
13421.2
13421.2
13421.2
13421.2
13421.2
13421.2
13421.2
13421.2
13421.2
13421.2
13421.2
13421.2
13421.2
13421.2
13421.2
13421.2
13421.2
13421.2
13421.2
13421.2
13421.2
13421.2
13421.2
13421.2
13421.2
13421.2
13421.2
13421.2
13421.2
13421.2
13421.2
13421.2
13421.2
13421.2
13421.2
13421.2
13421.2
13421.2
13421.2
13421.2
13421.2
13421.2
13421.2
13421.2
13421.2
13421.2
13421.2
13421.2
13421.2
13421.2
13421.2
13421.2
13421.2
13421.2
13421.2
13421.2
13421.2
13421.2
13421.2
13421.2
13421.2
13421.2
13421.2
13421.2
13421.2
13421.2
13421.2
13421.2
13421.2
13421.2
13421.2
13421.2
13421.2
13421.2
13421.2
13421.2
13421.2
13421.2
13421.2
13421.2
13421.2
13421.2
13421.2
13421.2
13421.2
13421.2
13421.2
13421.2
13421.2
13421.2
13421.2
13421.2
13418.8
13402.6
13372
13330.2
13280.6
13226
13168.3
13109
13049.6
12991.3
12934.8
12880.9
12829.7
12781.4
12735.7
12692.2
12650.5
12610.2
12570.9
12532.3
12494.1
12456.3
12418.7
12381.3
12344.1
12307
12270.3
12233.8
12197.7
12162.1
12127.1
12092.9
12059.5
12027
11995.5
11965.2
11936.1
11908.2
11881.7
11856.6
11832.9
11810.6
11789.9
11770.5
11752.7
11736.2
11721.2
11707.4
11695
11683.7
11673.5
11664.4
11656.2
11648.8
11642.2
11636.3
11631
11626.1
11621.6
11617.5
11613.7
11610
11606.5
11603
11599.5
11596
11592.4
11588.6
11584.7
11580.7
11576.4
11571.9
11567.2
11562.3
11557.2
11551.9
11546.4
11540.8
11535.1
11529.4
11523.6
11517.8
11512
11506.4
11500.8
11495.4
11490.2
11485.3
11480.5
11476.1
11472
11468.2
11464.7
11461.6
11458.9
11456.5
11454.6
11453
11451.8
11450.9
11450.4
11450.3
11450.5
11450.9
11451.7
11452.8
11454
11455.5
11457.2
11459
11461
11463
11465.1
11467.2
11469.4
11471.5
11473.6
11475.6
11477.6
11479.4
11481.1
11482.7
11484.1
11485.4
11486.5
11487.4
11488.2
11488.8
11489.2
11489.5
11489.6
11489.5
11489.3
11489
11488.6
11488
11487.4
11486.7
11485.9
11485.1
11484.3
11483.5
11482.6
11481.8
11481
11480.2
11479.5
11478.8
11478.2
11477.6
11477.1
11476.7
11476.3
11475.9
11475.6
11475.4
11475.1
11474.9
11474.7
11474.5
11474.2
11474
11473.7
11473.4
11473
11472.6
11472.1
11471.5
11470.9
11470.1
11469.3
11468.4
11467.4
11466.4
11465.2
11464
11462.7
11461.4
11460.1
11458.7
11457.2
11455.8
11454.4
11453
11451.6
11450.3
11449
11447.8
11446.7
11445.6
11444.6
11443.8
11443
11442.3
11441.8
11441.4
11441.1
11440.9
11440.8
11440.8
11441
11441.2
11441.6
11442
11442.5
11443.1
11443.8
11444.6
11445.4
11446.2
11447.1
11448
11449
11450
11451
11452
11453
11454
11455
11456
11457
11458
11459
11460
11460.9
11461.8
11462.7
11463.6
11464.5
11465.3
11466.2
11467
11467.7
11468.5
11469.2
11470
11470.6
11471.3
11471.9
11472.6
11473.1
11473.7
11474.2
11474.7
11475.1
11475.5
11475.9
11476.2
11476.5
11476.7
11476.9
11477.1
11477.1
11477.2
11477.1
11477.1
11476.9
11476.7
11476.5
11476.2
11475.8
11475.4
11475
11474.5
11473.9
11473.3
11472.7
11472
11471.3
11470.6
11469.8
11469
11468.1
11467.3
11466.4
11465.6
11464.7
11463.8
11462.9
11462
11461.1
11460.2
11459.3
11458.5
11457.6
11456.8
11456
11455.2
11454.4
11453.7
11453
11452.3
11451.6
11451
11450.5
11449.9
11449.5
11449
11448.6
11448.3
11448
11447.7
11447.5
11447.4
11447.2
11447.2
11447.2
11447.2
11447.3
11447.5
11447.7
11447.9
11448.2
11448.5
11448.9
11449.4
11449.8
11450.3
11450.9
11451.5
11452.1
11452.7
11453.4
11454.1
11454.8
11455.5
11456.3
11457
11457.8
11458.6
11459.3
11460.1
11460.9
11461.7
11462.4
11463.2
11463.9
11464.7
11465.4
11466.1
11466.8
11467.4
11468
11468.6
11469.2
11469.8
11470.3
11470.8
11471.2
11471.6
11472
11472.4
11472.7
11473
11473.2
11473.4
11473.5
11473.6
11473.7
11473.8
11473.7
11473.7
11473.6
11473.5
11473.3
11473.1
11472.8
11472.5
11472.2
11471.9
11471.5
11471
11470.6
11470.1
11469.5
11469
11468.4
11467.8
11467.2
11466.5
11465.9
11465.2
11464.5
11463.8
11463.1
11462.4
11461.8
11461.1
11460.4
11459.7
11459
11458.4
11457.7
11457.1
11456.5
11455.9
11455.3
11454.8
11454.3
11453.8
11453.3
11452.9
11452.5
11452.2
11451.8
11451.5
11451.3
11451.1
11450.9
11450.8
11450.7
11450.6
11450.6
11450.6
11450.6
11450.7
11450.8
11451
11451.1
11451.4
11451.6
11451.9
11452.2
11452.6
11452.9
11453.3
11453.8
11454.2
11454.7
11455.2
11455.7
11456.2
11456.8
11457.3
11457.9
11458.5
11459.1
11459.7
11460.3
11460.9
11461.5
11462.1
11462.7
11463.2
11463.8
11464.4
11465
11465.5
11466
11466.5
11467
11467.5
11467.9
11468.3
11468.7
11469.1
11469.4
11469.7
11470
11470.3
11470.5
11470.7
11470.8
11470.9
11471
11471
11471.1
11471
11471
11470.9
11470.8
11470.6
11470.5
11470.2
11470
11469.7
11469.4
11469.1
11468.8
11468.4
11468
11467.6
11467.2
11466.7
11466.3
11465.8
11465.3
11464.8
11464.3
11463.8
11463.2
11462.7
11462.2
11461.7
11461.1
11460.6
11460.1
11459.6
11459.1
11458.6
11458.1
11457.6
11457.2
11456.7
11456.3
11455.9
11455.6
11455.2
11454.9
11454.6
11454.3
11454
11453.8
11453.6
11453.4
11453.3
11453.2
11453.1
11453
11453
11453
11453
11453.1
11453.2
11453.3
11453.4
11453.6
11453.8
11454
11454.3
11454.6
11454.8
11455.2
11455.5
11455.9
11456.2
11456.6
11457
11457.4
11457.9
11458.3
11458.7
11459.2
11459.6
11460.1
11460.6
11461
11461.5
11462
11462.4
11462.9
11463.3
11463.8
11464.2
11464.6
11465
11465.4
11465.8
11466.1
11466.5
11466.8
11467.1
11467.4
11467.6
11467.9
11468.1
11468.3
11468.4
11468.6
11468.7
11468.8
11468.8
11468.9
11468.9
11468.9
11468.8
11468.7
11468.7
11468.5
11468.4
11468.2
11468.1
11467.8
11467.6
11467.4
11467.1
11466.8
11466.5
11466.2
11465.9
11465.5
11465.2
11464.8
11464.4
11464
11463.6
11463.2
11462.8
11462.4
11462
11461.6
11461.2
11460.8
11460.4
11460
11459.6
11459.2
11458.9
11458.5
11458.1
11457.8
11457.5
11457.2
11456.9
11456.6
11456.4
11456.1
11455.9
11455.7
11455.5
11455.4
11455.3
11455.1
11455.1
11455
11454.9
11454.9
11454.9
11455
11455
11455.1
11455.2
11455.3
11455.4
11455.5
11455.7
11455.9
11456.1
11456.3
11456.6
11456.8
11457.1
11457.4
11457.7
11458
11458.3
11458.7
11459
11459.3
11459.7
11460
11460.4
11460.8
11461.1
11461.5
11461.8
11462.2
11462.6
11462.9
11463.2
11463.6
11463.9
11464.2
11464.5
11464.8
11465.1
11465.3
11465.6
11465.8
11466
11466.2
11466.4
11466.6
11466.7
11466.8
11466.9
11467
11467.1
11467.1
11467.2
11467.2
11467.2
11467.1
11467.1
11467
11466.9
11466.8
11466.7
11466.6
11466.4
11466.2
11466
11465.8
11465.6
11465.4
11465.1
11464.9
11464.6
11464.3
11464
11463.7
11463.4
11463.1
11462.8
11462.5
11462.2
11461.9
11461.6
11461.2
11460.9
11460.6
11460.3
11460
11459.7
11459.4
11459.1
11458.9
11458.6
11458.4
11458.1
11457.9
11457.7
11457.5
11457.3
11457.2
11457
11456.9
11456.8
11456.6
11456.6
11456.5
11456.4
11456.4
11456.4
11456.4
11456.4
11456.5
11456.5
11456.6
11456.7
11456.8
11456.9
11457
11457.2
11457.3
11457.5
11457.7
11457.9
11458.1
11458.3
11458.6
11458.8
11459
11459.3
11459.6
11459.8
11460.1
11460.4
11460.7
11460.9
11461.2
11461.5
11461.8
11462
11462.3
11462.6
11462.8
11463.1
11463.3
11463.6
11463.8
11464
11464.2
11464.5
11464.6
11464.8
11465
11465.1
11465.3
11465.4
11465.5
11465.6
11465.7
11465.8
11465.8
11465.9
11465.9
11465.9
11465.9
11465.8
11465.8
11465.8
11465.7
11465.6
11465.5
11465.4
11465.3
11465.1
11465
11464.8
11464.7
11464.5
11464.3
11464.1
11463.9
11463.7
11463.4
11463.2
11463
11462.7
11462.5
11462.3
11462
11461.8
11461.5
11461.3
11461
11460.8
11460.6
11460.3
11460.1
11459.9
11459.7
11459.5
11459.3
11459.1
11458.9
11458.7
11458.6
11458.4
11458.3
11458.1
11458
11457.9
11457.8
11457.7
11457.7
11457.6
11457.6
11457.6
11457.5
11457.5
11457.6
11457.6
11457.6
11457.7
11457.8
11457.8
11457.9
11458
11458.1
11458.3
11458.4
11458.5
11458.7
11458.9
11459
11459.2
11459.4
11459.6
11459.8
11460
11460.2
11460.4
11460.6
11460.8
11461.1
11461.3
11461.5
11461.7
11461.9
11462.1
11462.3
11462.5
11462.7
11462.9
11463.1
11463.3
11463.5
11463.6
11463.8
11463.9
11464.1
11464.2
11464.3
11464.4
11464.5
11464.6
11464.7
11464.7
11464.8
11464.8
11464.9
11464.9
11464.9
11464.9
11464.8
11464.8
11464.8
11464.7
11464.7
11464.6
11464.5
11464.4
11464.3
11464.2
11464.1
11463.9
11463.8
11463.6
11463.5
11463.3
11463.2
11463
11462.8
11462.6
11462.4
11462.3
11462.1
11461.9
11461.7
11461.5
11461.3
11461.1
11460.9
11460.8
11460.6
11460.4
11460.2
11460.1
11459.9
11459.8
11459.6
11459.5
11459.3
11459.2
11459.1
11459
11458.9
11458.8
11458.7
11458.6
11458.6
11458.5
11458.5
11458.5
11458.4
11458.4
11458.4
11458.4
11458.5
11458.5
11458.5
11458.6
11458.7
11458.7
11458.8
11458.9
11459
11459.1
11459.2
11459.3
11459.5
11459.6
11459.7
11459.9
11460
11460.2
11460.3
11460.5
11460.6
11460.8
11461
11461.1
11461.3
11461.5
11461.6
11461.8
11462
11462.1
11462.3
11462.4
11462.6
11462.7
11462.9
11463
11463.1
11463.2
11463.4
11463.5
11463.6
11463.7
11463.7
11463.8
11463.9
11463.9
11464
11464
11464.1
11464.1
11464.1
11464.1
11464.1
11464.1
11464.1
11464
11464
11463.9
11463.9
11463.8
11463.7
11463.6
11463.6
11463.5
11463.4
11463.2
11463.1
11463
11462.9
11462.8
11462.6
11462.5
11462.4
11462.2
11462.1
11461.9
11461.8
11461.6
11461.5
11461.3
11461.2
11461.1
11460.9
11460.8
11460.6
11460.5
11460.4
11460.3
11460.1
11460
11459.9
11459.8
11459.7
11459.6
11459.5
11459.5
11459.4
11459.3
11459.3
11459.2
11459.2
11459.2
11459.1
11459.1
11459.1
11459.1
11459.1
11459.1
11459.2
11459.2
11459.2
11459.3
11459.3
11459.4
11459.5
11459.5
11459.6
11459.7
11459.8
11459.9
11460
11460.1
11460.2
11460.3
11460.5
11460.6
11460.7
11460.8
11461
11461.1
11461.2
11461.3
11461.5
11461.6
11461.7
11461.9
11462
11462.1
11462.2
11462.3
11462.4
11462.5
11462.6
11462.7
11462.8
11462.9
11463
11463.1
11463.2
11463.2
11463.3
11463.3
11463.4
11463.4
11463.4
11463.5
11463.5
11463.5
11463.5
11463.5
11463.5
11463.5
11463.4
11463.4
11463.4
11463.3
11463.3
11463.2
11463.1
11463.1
11463
11462.9
11462.8
11462.7
11462.7
11462.6
11462.5
11462.4
11462.3
11462.1
11462
11461.9
11461.8
11461.7
11461.6
11461.5
11461.4
11461.2
11461.1
11461
11460.9
11460.8
11460.7
11460.6
11460.5
11460.4
11460.3
11460.3
11460.2
11460.1
11460
11460
11459.9
11459.9
11459.8
11459.8
11459.7
11459.7
11459.7
11459.7
11459.6
11459.6
11459.6
11459.6
11459.7
11459.7
11459.7
11459.7
11459.8
11459.8
11459.9
11459.9
11460
11460
11460.1
11460.2
11460.3
11460.3
11460.4
11460.5
11460.6
11460.7
11460.8
11460.9
11461
11461.1
11461.2
11461.3
11461.4
11461.5
11461.6
11461.7
11461.8
11461.9
11462
11462
11462.1
11462.2
11462.3
11462.4
11462.5
11462.5
11462.6
11462.7
11462.7
11462.8
11462.8
11462.9
11462.9
11462.9
11463
11463
11463
11463
11463
11463
11463
11463
11463
11463
11463
11462.9
11462.9
11462.9
11462.8
11462.8
11462.7
11462.6
11462.6
11462.5
11462.5
11462.4
11462.3
11462.2
11462.1
11462.1
11462
11461.9
11461.8
11461.7
11461.6
11461.6
11461.5
11461.4
11461.3
11461.2
11461.1
11461
11461
11460.9
11460.8
11460.7
11460.7
11460.6
11460.5
11460.5
11460.4
11460.4
11460.3
11460.3
11460.2
11460.2
11460.1
11460.1
11460.1
11460.1
11460.1
11460.1
11460.1
11460.1
11460.1
11460.1
11460.1
11460.1
11460.1
11460.2
11460.2
11460.2
11460.3
11460.3
11460.4
11460.4
11460.5
11460.5
11460.6
11460.7
11460.7
11460.8
11460.9
11460.9
11461
11461.1
11461.2
11461.2
11461.3
11461.4
11461.5
11461.5
11461.6
11461.7
11461.8
11461.8
11461.9
11462
11462
11462.1
11462.2
11462.2
11462.3
11462.3
11462.4
11462.4
11462.5
11462.5
11462.5
11462.6
11462.6
11462.6
11462.6
11462.7
11462.7
11462.7
11462.7
11462.7
11462.7
11462.6
11462.6
11462.6
11462.6
11462.6
11462.5
11462.5
11462.5
11462.4
11462.4
11462.3
11462.3
11462.2
11462.2
11462.1
11462
11462
11461.9
11461.9
11461.8
11461.7
11461.7
11461.6
11461.5
11461.5
11461.4
11461.3
11461.3
11461.2
11461.1
11461.1
11461
11460.9
11460.9
11460.8
11460.8
11460.7
11460.7
11460.6
11460.6
11460.6
11460.5
11460.5
11460.5
11460.4
11460.4
11460.4
11460.4
11460.4
11460.4
11460.4
11460.4
11460.4
11460.4
11460.4
11460.4
11460.4
11460.4
11460.5
11460.5
11460.5
11460.6
11460.6
11460.6
11460.7
11460.7
11460.8
11460.8
11460.9
11460.9
11461
11461
11461.1
11461.2
11461.2
11461.3
11461.3
11461.4
11461.5
11461.5
11461.6
11461.6
11461.7
11461.7
11461.8
11461.9
11461.9
11462
11462
11462
11462.1
11462.1
11462.2
11462.2
11462.2
11462.3
11462.3
11462.3
11462.3
11462.4
11462.4
11462.4
11462.4
11462.4
11462.4
11462.4
11462.4
11462.4
11462.4
11462.3
11462.3
11462.3
11462.3
11462.3
11462.2
11462.2
11462.2
11462.1
11462.1
11462
11462
11462
11461.9
11461.9
11461.8
11461.8
11461.7
11461.7
11461.6
11461.6
11461.5
11461.5
11461.4
11461.3
11461.3
11461.2
11461.2
11461.2
11461.1
11461.1
11461
11461
11460.9
11460.9
11460.9
11460.8
11460.8
11460.8
11460.7
11460.7
11460.7
11460.7
11460.6
11460.6
11460.6
11460.6
11460.6
11460.6
11460.6
11460.6
11460.6
11460.6
11460.6
11460.7
11460.7
11460.7
11460.7
11460.7
11460.8
11460.8
11460.8
11460.9
11460.9
11460.9
11461
11461
11461.1
11461.1
11461.1
11461.2
11461.2
11461.3
11461.3
11461.4
11461.4
11461.5
11461.5
11461.5
11461.6
11461.6
11461.7
11461.7
11461.8
11461.8
11461.8
11461.9
11461.9
11461.9
11462
11462
11462
11462.1
11462.1
11462.1
11462.1
11462.1
11462.1
11462.2
11462.2
11462.2
11462.2
11462.2
11462.2
11462.2
11462.2
11462.2
11462.1
11462.1
11462.1
11462.1
11462.1
11462
11462
11462
11462
11461.9
11461.9
11461.9
11461.8
11461.8
11461.8
11461.7
11461.7
11461.7
11461.6
11461.6
11461.5
11461.5
11461.5
11461.4
11461.4
11461.3
11461.3
11461.3
11461.2
11461.2
11461.1
11461.1
11461.1
11461
11461
11461
11461
11460.9
11460.9
11460.9
11460.9
11460.9
11460.8
11460.8
11460.8
11460.8
11460.8
11460.8
11460.8
11460.8
11460.8
11460.8
11460.8
11460.8
11460.8
11460.8
11460.9
11460.9
11460.9
11460.9
11460.9
11461
11461
11461
11461.1
11461.1
11461.1
11461.1
11461.2
11461.2
11461.2
11461.3
11461.3
11461.3
11461.4
11461.4
11461.5
11461.5
11461.5
11461.6
11461.6
11461.6
11461.7
11461.7
11461.7
11461.8
11461.8
11461.8
11461.8
11461.9
11461.9
11461.9
11461.9
11461.9
11462
11462
11462
11462
11462
11462
11462
11462
11462
11462
11462
11462
11462
11462
11462
11462
11461.9
11461.9
11461.9
11461.9
11461.9
11461.8
11461.8
11461.8
11461.8
11461.7
11461.7
11461.7
11461.7
11461.6
11461.6
11461.6
11461.5
11461.5
11461.5
11461.4
11461.4
11461.4
11461.4
11461.3
11461.3
11461.3
11461.2
11461.2
11461.2
11461.2
11461.1
11461.1
11461.1
11461.1
11461.1
11461
11461
11461
11461
11461
11461
11461
11461
11460.9
11460.9
11460.9
11460.9
11460.9
11461
11461
11461
11461
11461
11461
11461
11461
11461
11461.1
11461.1
11461.1
11461.1
11461.1
11461.2
11461.2
11461.2
11461.2
11461.3
11461.3
11461.3
11461.3
11461.4
11461.4
11461.4
11461.5
11461.5
11461.5
11461.5
11461.6
11461.6
11461.6
11461.6
11461.7
11461.7
11461.7
11461.7
11461.7
11461.8
11461.8
11461.8
11461.8
11461.8
11461.8
11461.8
11461.9
11461.9
11461.9
11461.9
11461.9
11461.9
11461.9
11461.9
11461.9
11461.9
11461.9
11461.9
11461.9
11461.8
11461.8
11461.8
11461.8
11461.8
11461.8
11461.8
11461.7
11461.7
11461.7
11461.7
11461.7
11461.6
11461.6
11461.6
11461.6
11461.5
11461.5
11461.5
11461.5
11461.4
11461.4
11461.4
11461.4
11461.4
11461.3
11461.3
11461.3
11461.3
11461.2
11461.2
11461.2
11461.2
11461.2
11461.2
11461.1
11461.1
11461.1
11461.1
11461.1
11461.1
11461.1
11461.1
11461.1
11461.1
11461.1
11461.1
11461.1
11461.1
11461.1
11461.1
11461.1
11461.1
11461.1
11461.1
11461.1
11461.1
11461.1
11461.1
11461.2
11461.2
11461.2
11461.2
11461.2
11461.2
11461.3
11461.3
11461.3
11461.3
11461.3
11461.4
11461.4
11461.4
11461.4
11461.5
11461.5
11461.5
11461.5
11461.5
11461.6
11461.6
11461.6
11461.6
11461.6
11461.6
11461.7
11461.7
11461.7
11461.7
11461.7
11461.7
11461.7
11461.7
11461.8
11461.8
11461.8
11461.8
11461.8
11461.8
11461.8
11461.8
11461.8
11461.8
11461.8
11461.8
11461.8
11461.8
11461.8
11461.7
11461.7
11461.7
11461.7
11461.7
11461.7
11461.7
11461.7
11461.6
11461.6
11461.6
11461.6
11461.6
11461.6
11461.5
11461.5
11461.5
11461.5
11461.5
11461.4
11461.4
11461.4
11461.4
11461.4
11461.4
11461.3
11461.3
11461.3
11461.3
11461.3
11461.3
11461.2
11461.2
11461.2
11461.2
11461.2
11461.2
11461.2
11461.2
11461.2
11461.2
11461.2
11461.2
11461.1
11461.1
11461.1
11461.1
11461.1
11461.2
11461.2
11461.2
11461.2
11461.2
11461.2
11461.2
11461.2
11461.2
11461.2
11461.2
11461.2
11461.2
11461.3
11461.3
11461.3
11461.3
11461.3
11461.3
11461.4
11461.4
11461.4
11461.4
11461.4
11461.4
11461.5
11461.5
11461.5
11461.5
11461.5
11461.5
11461.5
11461.6
11461.6
11461.6
11461.6
11461.6
11461.6
11461.6
11461.6
11461.7
11461.7
11461.7
11461.7
11461.7
11461.7
11461.7
11461.7
11461.7
11461.7
11461.7
11461.7
11461.7
11461.7
11461.7
11461.7
11461.7
11461.7
11461.7
11461.7
11461.7
11461.7
11461.7
11461.6
11461.6
11461.6
11461.6
11461.6
11461.6
11461.6
11461.6
11461.5
11461.5
11461.5
11461.5
11461.5
11461.5
11461.5
11461.4
11461.4
11461.4
11461.4
11461.4
11461.4
11461.4
11461.3
11461.3
11461.3
11461.3
11461.3
11461.3
11461.3
11461.3
11461.3
11461.3
11461.2
11461.2
11461.2
11461.2
11461.2
11461.2
11461.2
11461.2
11461.2
11461.2
11461.2
11461.2
11461.2
11461.2
11461.2
11461.2
11461.2
11461.2
11461.2
11461.3
11461.3
11461.3
11461.3
11461.3
11461.3
11461.3
11461.3
11461.3
11461.3
11461.3
11461.4
11461.4
11461.4
11461.4
11461.4
11461.4
11461.4
11461.4
11461.5
11461.5
11461.5
11461.5
11461.5
11461.5
11461.5
11461.5
11461.6
11461.6
11461.6
11461.6
11461.6
11461.6
11461.6
11461.6
11461.6
11461.6
11461.6
11461.6
11461.6
11461.6
11461.6
11461.6
11461.6
11461.6
11461.6
11461.6
11461.6
11461.6
11461.6
11461.6
11461.6
11461.6
11461.6
11461.6
11461.6
11461.6
11461.6
11461.6
11461.6
11461.6
11461.6
11461.5
11461.5
11461.5
11461.5
11461.5
11461.5
11461.5
11461.5
11461.5
11461.4
11461.4
11461.4
11461.4
11461.4
11461.4
11461.4
11461.4
11461.4
11461.4
11461.3
11461.3
11461.3
11461.3
11461.3
11461.3
11461.3
11461.3
11461.3
11461.3
11461.3
11461.3
11461.3
11461.3
11461.3
11461.3
11461.3
11461.3
11461.3
11461.3
11461.3
11461.3
11461.3
11461.3
11461.3
11461.3
11461.3
11461.3
11461.3
11461.3
11461.3
11461.3
11461.3
11461.3
11461.4
11461.4
11461.4
11461.4
11461.4
11461.4
11461.4
11461.4
11461.4
11461.4
11461.4
11461.5
11461.5
11461.5
11461.5
11461.5
11461.5
11461.5
11461.5
11461.5
11461.5
11461.5
11461.5
11461.6
11461.6
11461.6
11461.6
11461.5
11459.4
11450.5
11440.8
11431.1
11421.4
11411.7
11402.1
11392.6
11383.1
11373.8
11364.6
11355.3
11346.2
11337
11327.9
11318.8
11309.8
11300.8
11291.9
11283.1
11274.3
11265.5
11256.8
11248.1
11239.5
11230.9
11222.3
11213.8
11205.3
11196.8
11188.3
11179.9
11171.6
11163.2
11154.9
11146.7
11138.5
11130.3
11122.3
11114.3
11106.3
11098.5
11090.7
11083
11075.3
11067.8
11060.3
11052.9
11045.5
11038.2
11031
11023.8
11016.6
11009.5
11002.4
10995.4
10988.4
10981.4
10974.4
10967.5
10960.6
10953.7
10946.9
10940.1
10933.3
10926.5
10919.7
10913
10906.3
10899.6
10892.9
10886.3
10879.6
10873
10866.4
10859.8
10853.3
10846.7
10840.2
10833.7
10827.2
10820.7
10814.3
10807.8
10801.5
10795.1
10788.7
10782.4
10776.1
10769.8
10763.6
10757.3
10751.1
10745
10738.8
10732.7
10726.6
10720.5
10714.4
10708.3
10702.3
10696.3
10690.3
10684.4
10678.4
10672.5
10666.6
10660.8
10654.9
10649.1
10643.3
10637.5
10631.7
10626
10620.2
10614.5
10608.8
10603.1
10597.5
10591.8
10586.2
10580.6
10575
10569.4
10563.8
10558.3
10552.7
10547.2
10541.7
10536.2
10530.7
10525.2
10519.7
10514.3
10508.9
10503.4
10498
10492.6
10487.3
10481.9
10476.6
10471.2
10465.9
10460.6
10455.4
10450.1
10444.9
10439.7
10434.5
10429.3
10424.1
10419
10413.9
10408.8
10403.8
10398.7
10393.7
10388.7
10383.7
10378.7
10373.8
10368.9
10363.9
10359.1
10354.2
10349.3
10344.5
10339.7
10334.8
10330.1
10325.3
10320.5
10315.8
10311
10306.3
10301.6
10296.9
10292.2
10287.5
10282.9
10278.2
10273.6
10269
10264.4
10259.8
10255.2
10250.6
10246.1
10241.6
10237
10232.5
10228
10223.6
10219.1
10214.7
10210.2
10205.8
10201.4
10197
10192.7
10188.3
10184
10179.6
10175.3
10171
10166.7
10162.5
10158.2
10154
10149.7
10145.5
10141.3
10137.1
10132.9
10128.7
10124.6
10120.4
10116.3
10112.1
10108
10103.9
10099.8
10095.7
10091.6
10087.5
10083.4
10079.4
10075.3
10071.3
10067.3
10063.3
10059.3
10055.3
10051.3
10047.4
10043.4
10039.5
10035.5
10031.6
10027.7
10023.8
10020
10016.1
10012.2
10008.4
10004.6
10000.8
9996.96
9993.16
9989.39
9985.62
9981.86
9978.12
9974.39
9970.67
9966.97
9963.27
9959.59
9955.92
9952.26
9948.61
9944.98
9941.35
9937.74
9934.14
9930.55
9926.97
9923.41
9919.86
9916.32
9912.79
9909.27
9905.76
9902.27
9898.79
9895.32
9891.86
9888.41
9884.98
9881.55
9878.14
9874.74
9871.35
9867.98
9864.61
9861.25
9857.91
9854.58
9851.25
9847.94
9844.64
9841.35
9838.07
9834.8
9831.53
9828.28
9825.04
9821.81
9818.59
9815.37
9812.17
9808.97
9805.79
9802.61
9799.44
9796.29
9793.14
9790
9786.86
9783.74
9780.63
9777.52
9774.42
9771.33
9768.25
9765.18
9762.12
9759.06
9756.02
9752.98
9749.95
9746.93
9743.91
9740.91
9737.91
9734.92
9731.93
9728.96
9725.99
9723.04
9720.08
9717.14
9714.21
9711.28
9708.36
9705.45
9702.54
9699.65
9696.76
9693.88
9691
9688.14
9685.28
9682.43
9679.59
9676.76
9673.93
9671.11
9668.3
9665.5
9662.71
9659.93
9657.15
9654.39
9651.63
9648.88
9646.14
9643.4
9640.68
9637.96
9635.26
9632.56
9629.87
9627.19
9624.51
9621.85
9619.19
9616.55
9613.91
9611.28
9608.66
9606.05
9603.45
9600.85
9598.26
9595.69
9593.12
9590.56
9588
9585.46
9582.92
9580.39
9577.87
9575.36
9572.86
9570.36
9567.88
9565.4
9562.93
9560.46
9558.01
9555.56
9553.12
9550.69
9548.26
9545.85
9543.44
9541.04
9538.64
9536.26
9533.88
9531.5
9529.14
9526.78
9524.43
9522.08
9519.75
9517.42
9515.09
9512.77
9510.46
9508.16
9505.86
9503.57
9501.28
9499
9496.73
9494.46
9492.2
9489.94
9487.69
9485.45
9483.21
9480.97
9478.75
9476.52
9474.31
9472.1
9469.89
9467.69
9465.5
9463.31
9461.13
9458.95
9456.78
9454.62
9452.46
9450.3
9448.15
9446.01
9443.87
9441.74
9439.61
9437.49
9435.37
9433.26
9431.16
9429.06
9426.96
9424.88
9422.79
9420.72
9418.65
9416.58
9414.52
9412.47
9410.42
9408.38
9406.35
9404.32
9402.29
9400.27
9398.26
9396.26
9394.26
9392.26
9390.28
9388.29
9386.32
9384.35
9382.39
9380.43
9378.48
9376.53
9374.59
9372.66
9370.74
9368.82
9366.9
9365
9363.09
9361.2
9359.31
9357.43
9355.55
9353.68
9351.82
9349.96
9348.11
9346.26
9344.42
9342.59
9340.76
9338.93
9337.12
9335.31
9333.5
9331.7
9329.91
9328.12
9326.34
9324.56
9322.79
9321.02
9319.26
9317.5
9315.75
9314.01
9312.27
9310.53
9308.8
9307.07
9305.35
9303.64
9301.93
9300.22
9298.52
9296.82
9295.13
9293.44
9291.76
9290.08
9288.4
9286.73
9285.07
9283.4
9281.75
9280.09
9278.44
9276.8
9275.16
9273.52
9271.89
9270.26
9268.63
9267.01
9265.39
9263.78
9262.17
9260.57
9258.97
9257.37
9255.77
9254.19
9252.6
9251.02
9249.44
9247.87
9246.3
9244.73
9243.17
9241.61
9240.06
9238.51
9236.96
9235.42
9233.88
9232.35
9230.82
9229.29
9227.77
9226.25
9224.74
9223.23
9221.72
9220.22
9218.73
9217.24
9215.75
9214.27
9212.79
9211.31
9209.84
9208.38
9206.92
9205.46
9204.01
9202.56
9201.12
9199.68
9198.24
9196.81
9195.39
9193.97
9192.55
9191.14
9189.73
9188.33
9186.93
9185.54
9184.15
9182.76
9181.38
9180
9178.63
9177.27
9175.9
9174.54
9173.19
9171.84
9170.49
9169.15
9167.82
9166.48
9165.15
9163.83
9162.51
9161.19
9159.88
9158.57
9157.26
9155.96
9154.67
9153.37
9152.08
9150.8
9149.51
9148.24
9146.96
9145.69
9144.42
9143.16
9141.9
9140.64
9139.38
9138.13
9136.88
9135.64
9134.4
9133.16
9131.92
9130.69
9129.46
9128.24
9127.01
9125.79
9124.58
9123.36
9122.15
9120.94
9119.74
9118.53
9117.33
9116.14
9114.94
9113.75
9112.56
9111.38
9110.19
9109.01
9107.84
9106.66
9105.49
9104.32
9103.16
9101.99
9100.83
9099.68
9098.52
9097.37
9096.22
9095.07
9093.93
9092.79
9091.65
9090.52
9089.39
9088.26
9087.14
9086.01
9084.9
9083.78
9082.67
9081.56
9080.45
9079.35
9078.25
9077.15
9076.06
9074.97
9073.88
9072.79
9071.71
9070.64
9069.56
9068.49
9067.42
9066.36
9065.3
9064.24
9063.19
9062.13
9061.09
9060.04
9059
9057.96
9056.93
9055.9
9054.87
9053.84
9052.82
9051.8
9050.79
9049.78
9048.77
9047.76
9046.76
9045.76
9044.77
9043.77
9042.78
9041.8
9040.81
9039.83
9038.85
9037.88
9036.91
9035.94
9034.97
9034.01
9033.05
9032.09
9031.13
9030.18
9029.23
9028.28
9027.34
9026.39
9025.45
9024.52
9023.58
9022.65
9021.72
9020.79
9019.87
9018.94
9018.02
9017.1
9016.19
9015.27
9014.36
9013.45
9012.55
9011.64
9010.74
9009.84
9008.94
9008.04
9007.15
9006.25
9005.36
9004.47
9003.59
9002.7
9001.82
9000.94
9000.06
8999.18
8998.31
8997.44
8996.57
8995.7
8994.83
8993.97
8993.11
8992.25
8991.39
8990.53
8989.68
8988.83
8987.98
8987.13
8986.29
8985.45
8984.61
8983.77
8982.93
8982.1
8981.27
8980.44
8979.61
8978.79
8977.96
8977.14
8976.33
8975.51
8974.7
8973.89
8973.08
8972.27
8971.47
8970.67
8969.87
8969.07
8968.28
8967.49
8966.7
8965.91
8965.13
8964.35
8963.57
8962.79
8962.02
8961.25
8960.48
8959.71
8958.95
8958.19
8957.43
8956.67
8955.92
8955.16
8954.41
8953.67
8952.92
8952.18
8951.44
8950.7
8949.96
8949.23
8948.5
8947.77
8947.04
8946.31
8945.59
8944.87
8944.15
8943.43
8942.72
8942.01
8941.3
8940.59
8939.88
8939.17
8938.47
8937.77
8937.07
8936.37
8935.68
8934.98
8934.29
8933.6
8932.91
8932.22
8931.54
8930.85
8930.17
8929.49
8928.81
8928.13
8927.45
8926.78
8926.11
8925.44
8924.77
8924.1
8923.43
8922.76
8922.1
8921.44
8920.78
8920.12
8919.46
8918.8
8918.15
8917.49
8916.84
8916.19
8915.54
8914.9
8914.25
8913.61
8912.96
8912.32
8911.68
8911.04
8910.41
8909.77
8909.14
8908.51
8907.88
8907.25
8906.62
8906
8905.37
8904.75
8904.13
8903.51
8902.89
8902.28
8901.67
8901.05
8900.44
8899.84
8899.23
8898.62
8898.02
8897.42
8896.82
8896.22
8895.63
8895.03
8894.44
8893.85
8893.26
8892.68
8892.09
8891.51
8890.93
8890.35
8889.77
8889.2
8888.62
8888.05
8887.48
8886.91
8886.35
8885.78
8885.22
8884.66
8884.1
8883.54
8882.98
8882.43
8881.88
8881.32
8880.77
8880.23
8879.68
8879.14
8878.59
8878.05
8877.51
8876.97
8876.44
8875.9
8875.37
8874.83
8874.3
8873.77
8873.25
8872.72
8872.19
8871.67
8871.15
8870.63
8870.11
8869.59
8869.07
8868.55
8868.04
8867.53
8867.01
8866.5
8865.99
8865.48
8864.97
8864.47
8863.96
8863.46
8862.95
8862.45
8861.95
8861.45
8860.95
8860.46
8859.96
8859.46
8858.97
8858.48
8857.98
8857.49
8857
8856.51
8856.03
8855.54
8855.05
8854.57
8854.09
8853.6
8853.12
8852.64
8852.16
8851.69
8851.21
8850.74
8850.26
8849.79
8849.32
8848.85
8848.38
8847.91
8847.44
8846.98
8846.51
8846.05
8845.59
8845.13
8844.67
8844.21
8843.76
8843.3
8842.85
8842.39
8841.94
8841.49
8841.05
8840.6
8840.15
8839.71
8839.27
8838.82
8838.38
8837.95
8837.51
8837.07
8836.64
8836.2
8835.77
8835.34
8834.91
8834.48
8834.06
8833.63
8833.21
8832.79
8832.36
8831.94
8831.52
8831.11
8830.69
8830.28
8829.86
8829.45
8829.04
8828.63
8828.22
8827.81
8827.41
8827
8826.6
8826.19
8825.79
8825.39
8824.99
8824.59
8824.2
8823.8
8823.4
8823.01
8822.62
8822.22
8821.83
8821.44
8821.05
8820.66
8820.27
8819.89
8819.5
8819.12
8818.73
8818.35
8817.97
8817.59
8817.21
8816.83
8816.45
8816.07
8815.69
8815.32
8814.94
8814.56
8814.19
8813.82
8813.45
8813.07
8812.7
8812.33
8811.96
8811.6
8811.23
8810.86
8810.5
8810.13
8809.77
8809.4
8809.04
8808.68
8808.32
8807.96
8807.6
8807.24
8806.88
8806.53
8806.17
8805.82
8805.46
8805.11
8804.76
8804.41
8804.06
8803.71
8803.36
8803.02
8802.67
8802.32
8801.98
8801.64
8801.29
8800.95
8800.61
8800.27
8799.94
8799.6
8799.26
8798.93
8798.59
8798.26
8797.93
8797.6
8797.27
8796.94
8796.61
8796.28
8795.96
8795.63
8795.31
8794.98
8794.66
8794.34
8794.02
8793.7
8793.39
8793.07
8792.75
8792.44
8792.12
8791.81
8791.5
8791.19
8790.88
8790.57
8790.26
8789.95
8789.65
8789.34
8789.03
8788.73
8788.43
8788.12
8787.82
8787.52
8787.22
8786.92
8786.63
8786.33
8786.03
8785.73
8785.44
8785.15
8784.85
8784.56
8784.27
8783.97
8783.68
8783.39
8783.1
8782.81
8782.53
8782.24
8781.95
8781.66
8781.38
8781.09
8780.81
8780.52
8780.24
8779.96
8779.68
8779.39
8779.11
8778.83
8778.55
8778.27
8778
8777.72
8777.44
8777.16
8776.89
8776.61
8776.34
8776.06
8775.79
8775.52
8775.24
8774.97
8774.7
8774.43
8774.16
8773.89
8773.62
8773.36
8773.09
8772.82
8772.56
8772.29
8772.03
8771.76
8771.5
8771.24
8770.98
8770.72
8770.46
8770.2
8769.94
8769.68
8769.42
8769.17
8768.91
8768.66
8768.4
8768.15
8767.9
8767.65
8767.4
8767.15
8766.9
8766.65
8766.4
8766.15
8765.91
8765.66
8765.42
8765.17
8764.93
8764.69
8764.44
8764.2
8763.96
8763.72
8763.48
8763.25
8763.01
8762.77
8762.54
8762.3
8762.07
8761.83
8761.6
8761.37
8761.14
8760.91
8760.67
8760.45
8760.22
8759.99
8759.76
8759.53
8759.31
8759.08
8758.85
8758.63
8758.41
8758.18
8757.96
8757.74
8757.51
8757.29
8757.07
8756.85
8756.63
8756.41
8756.19
8755.98
8755.76
8755.54
8755.32
8755.11
8754.89
8754.68
8754.46
8754.25
8754.03
8753.82
8753.6
8753.39
8753.18
8752.97
8752.76
8752.55
8752.34
8752.13
8751.92
8751.71
8751.5
8751.29
8751.08
8750.88
8750.67
8750.46
8750.26
8750.05
8749.85
8749.64
8749.44
8749.23
8749.03
8748.83
8748.63
8748.43
8748.22
8748.02
8747.82
8747.62
8747.43
8747.23
8747.03
8746.83
8746.64
8746.44
8746.24
8746.05
8745.85
8745.66
8745.47
8745.27
8745.08
8744.89
8744.7
8744.51
8744.32
8744.13
8743.94
8743.75
8743.57
8743.38
8743.19
8743.01
8742.82
8742.64
8742.45
8742.27
8742.09
8741.9
8741.72
8741.54
8741.36
8741.18
8741
8740.82
8740.64
8740.46
8740.29
8740.11
8739.93
8739.76
8739.58
8739.41
8739.23
8739.06
8738.89
8738.71
8738.54
8738.37
8738.2
8738.03
8737.86
8737.69
8737.52
8737.35
8737.18
8737.01
8736.84
8736.68
8736.51
8736.34
8736.18
8736.01
8735.84
8735.68
8735.51
8735.35
8735.19
8735.02
8734.86
8734.7
8734.53
8734.37
8734.21
8734.05
8733.89
8733.73
8733.57
8733.41
8733.25
8733.09
8732.93
8732.77
8732.61
8732.45
8732.29
8732.14
8731.98
8731.82
8731.67
8731.51
8731.35
8731.2
8731.04
8730.89
8730.73
8730.58
8730.43
8730.27
8730.12
8729.97
8729.82
8729.66
8729.51
8729.36
8729.21
8729.06
8728.91
8728.76
8728.61
8728.46
8728.32
8728.17
8728.02
8727.87
8727.73
8727.58
8727.44
8727.29
8727.15
8727
8726.86
8726.72
8726.57
8726.43
8726.29
8726.15
8726
8725.86
8725.72
8725.58
8725.44
8725.31
8725.17
8725.03
8724.89
8724.75
8724.62
8724.48
8724.34
8724.21
8724.07
8723.94
8723.8
8723.67
8723.54
8723.4
8723.27
8723.14
8723.01
8722.88
8722.74
8722.61
8722.48
8722.35
8722.22
8722.09
8721.96
8721.84
8721.71
8721.58
8721.45
8721.32
8721.2
8721.07
8720.94
8720.82
8720.69
8720.57
8720.44
8720.32
8720.19
8720.07
8719.94
8719.82
8719.7
8719.57
8719.45
8719.33
8719.2
8719.08
8718.96
8718.84
8718.72
8718.59
8718.47
8718.35
8718.23
8718.11
8717.99
8717.87
8717.75
8717.63
8717.51
8717.4
8717.28
8717.16
8717.04
8716.92
8716.81
8716.69
8716.57
8716.46
8716.34
8716.22
8716.11
8715.99
8715.88
8715.76
8715.65
8715.53
8715.42
8715.3
8715.19
8715.08
8714.97
8714.85
8714.74
8714.63
8714.52
8714.41
8714.29
8714.18
8714.07
8713.96
8713.85
8713.74
8713.64
8713.53
8713.42
8713.31
8713.2
8713.1
8712.99
8712.88
8712.78
8712.67
8712.56
8712.46
8712.35
8712.25
8712.14
8712.04
8711.94
8711.83
8711.73
8711.63
8711.52
8711.42
8711.32
8711.22
8711.12
8711.02
8710.92
8710.82
8710.72
8710.62
8710.52
8710.42
8710.32
8710.22
8710.12
8710.02
8709.93
8709.83
8709.73
8709.63
8709.54
8709.44
8709.35
8709.25
8709.15
8709.06
8708.96
8708.87
8708.77
8708.68
8708.58
8708.49
8708.39
8708.3
8708.21
8708.11
8708.02
8707.93
8707.83
8707.74
8707.65
8707.56
8707.47
8707.37
8707.28
8707.19
8707.1
8707.01
8706.92
8706.83
8706.74
8706.65
8706.56
8706.47
8706.38
8706.29
8706.2
8706.11
8706.02
8705.93
8705.84
8705.75
8705.66
8705.58
8705.49
8705.4
8705.31
8705.23
8705.14
8705.05
8704.97
8704.88
8704.79
8704.71
8704.62
8704.54
8704.45
8704.37
8704.28
8704.2
8704.11
8704.03
8703.95
8703.86
8703.78
8703.7
8703.62
8703.53
8703.45
8703.37
8703.29
8703.21
8703.12
8703.04
8702.96
8702.88
8702.8
8702.72
8702.64
8702.56
8702.48
8702.41
8702.33
8702.25
8702.17
8702.09
8702.01
8701.94
8701.86
8701.78
8701.71
8701.63
8701.55
8701.48
8701.4
8701.33
8701.25
8701.18
8701.1
8701.03
8700.95
8700.88
8700.8
8700.73
8700.65
8700.58
8700.51
8700.43
8700.36
8700.29
8700.22
8700.14
8700.07
8700
8699.93
8699.86
8699.78
8699.71
8699.64
8699.57
8699.5
8699.43
8699.36
8699.29
8699.22
8699.15
8699.08
8699.01
8698.94
8698.87
8698.8
8698.73
8698.66
8698.59
8698.52
8698.45
8698.38
8698.32
8698.25
8698.18
8698.11
8698.04
8697.98
8697.91
8697.84
8697.77
8697.71
8697.64
8697.57
8697.51
8697.44
8697.37
8697.31
8697.24
8697.17
8697.11
8697.04
8696.98
8696.91
8696.85
8696.78
8696.72
8696.65
8696.59
8696.52
8696.46
8696.4
8696.33
8696.27
8696.21
8696.14
8696.08
8696.02
8695.96
8695.89
8695.83
8695.77
8695.71
8695.65
8695.58
8695.52
8695.46
8695.4
8695.34
8695.28
8695.22
8695.16
8695.1
8695.04
8694.98
8694.92
8694.86
8694.8
8694.74
8694.69
8694.63
8694.57
8694.51
8694.45
8694.4
8694.34
8694.28
8694.22
8694.17
8694.11
8694.05
8694
8693.94
8693.88
8693.83
8693.77
8693.72
8693.66
8693.61
8693.55
8693.49
8693.44
8693.38
8693.33
8693.28
8693.22
8693.17
8693.11
8693.06
8693
8692.95
8692.9
8692.84
8692.79
8692.74
8692.68
8692.63
8692.58
8692.52
8692.47
8692.42
8692.36
8692.31
8692.26
8692.21
8692.15
8692.1
8692.05
8692
8691.95
8691.9
8691.84
8691.79
8691.74
8691.69
8691.64
8691.59
8691.54
8691.49
8691.44
8691.38
8691.33
8691.28
8691.23
8691.18
8691.13
8691.08
8691.03
8690.98
8690.93
8690.89
8690.84
8690.79
8690.74
8690.69
8690.64
8690.59
8690.54
8690.49
8690.45
8690.4
8690.35
8690.3
8690.26
8690.21
8690.16
8690.11
8690.07
8690.02
8689.97
8689.93
8689.88
8689.83
8689.79
8689.74
8689.7
8689.65
8689.6
8689.56
8689.51
8689.47
8689.42
8689.38
8689.33
8689.29
8689.24
8689.2
8689.16
8689.11
8689.07
8689.02
8688.98
8688.94
8688.89
8688.85
8688.81
8688.76
8688.72
8688.68
8688.64
8688.59
8688.55
8688.51
8688.47
8688.42
8688.38
8688.34
8688.3
8688.26
8688.22
8688.17
8688.13
8688.09
8688.05
8688.01
8687.97
8687.93
8687.89
8687.85
8687.81
8687.77
8687.72
8687.68
8687.64
8687.6
8687.56
8687.52
8687.48
8687.44
8687.4
8687.36
8687.32
8687.29
8687.25
8687.21
8687.17
8687.13
8687.09
8687.05
8687.01
8686.97
8686.93
8686.89
8686.86
8686.82
8686.78
8686.74
8686.7
8686.66
8686.63
8686.59
8686.55
8686.51
8686.47
8686.44
8686.4
8686.36
8686.32
8686.29
8686.25
8686.21
8686.18
8686.14
8686.1
8686.07
8686.03
8685.99
8685.96
8685.92
8685.88
8685.85
8685.81
8685.78
8685.74
8685.7
8685.67
8685.63
8685.6
8685.56
8685.53
8685.49
8685.46
8685.42
8685.39
8685.35
8685.32
8685.29
8685.25
8685.22
8685.18
8685.15
8685.12
8685.08
8685.05
8685.02
8684.98
8684.95
8684.92
8684.88
8684.85
8684.82
8684.78
8684.75
8684.72
8684.69
8684.65
8684.62
8684.59
8684.56
8684.53
8684.49
8684.46
8684.43
8684.4
8684.37
8684.34
8684.3
8684.27
8684.24
8684.21
8684.18
8684.15
8684.12
8684.09
8684.06
8684.02
8683.99
8683.96
8683.93
8683.9
8683.87
8683.84
8683.81
8683.78
8683.75
8683.72
8683.69
8683.66
8683.63
8683.6
8683.57
8683.54
8683.51
8683.48
8683.45
8683.42
8683.39
8683.36
8683.33
8683.3
8683.27
8683.25
8683.22
8683.19
8683.16
8683.13
8683.1
8683.07
8683.04
8683.01
8682.99
8682.96
8682.93
8682.9
8682.87
8682.84
8682.82
8682.79
8682.76
8682.73
8682.7
8682.68
8682.65
8682.62
8682.59
8682.57
8682.54
8682.51
8682.48
8682.46
8682.43
8682.4
8682.38
8682.35
8682.32
8682.3
8682.27
8682.24
8682.22
8682.19
8682.16
8682.14
8682.11
8682.09
8682.06
8682.03
8682.01
8681.98
8681.96
8681.93
8681.91
8681.88
8681.86
8681.83
8681.81
8681.78
8681.76
8681.73
8681.71
8681.68
8681.66
8681.63
8681.61
8681.58
8681.56
8681.54
8681.51
8681.49
8681.46
8681.44
8681.41
8681.39
8681.37
8681.34
8681.32
8681.3
8681.27
8681.25
8681.22
8681.2
8681.18
8681.15
8681.13
8681.11
8681.08
8681.06
8681.04
8681.02
8680.99
8680.97
8680.95
8680.92
8680.9
8680.88
