
Primal Residual: 
0.345672
0.275479
0.210325
0.195632
0.211877
0.223756
0.222299
0.214692
0.209859
0.209755
0.2106
0.209229
0.205721
0.201866
0.199039
0.197569
0.197267
0.197911
0.199209
0.200648
0.201616
0.201708
0.200906
0.199522
0.198004
0.196756
0.196054
0.196023
0.196629
0.197673
0.198833
0.199741
0.200092
0.199726
0.198661
0.197071
0.195228
0.193429
0.191929
0.190892
0.19037
0.190314
0.190599
0.191074
0.191592
0.192044
0.192366
0.192538
0.192576
0.192515
0.192397
0.192261
0.192134
0.192037
0.191982
0.191975
0.192019
0.192113
0.192252
0.192425
0.192614
0.1928
0.192961
0.193078
0.193137
0.193131
0.193066
0.192952
0.192804
0.192641
0.192477
0.192321
0.192176
0.192039
0.1919
0.191751
0.191581
0.191385
0.191162
0.190915
0.190657
0.1904
0.190161
0.189957
0.189803
0.189711
0.189689
0.18974
0.189859
0.190039
0.190265
0.19052
0.190783
0.191034
0.191254
0.191427
0.191543
0.191598
0.191593
0.191536
0.191439
0.191315
0.191181
0.191049
0.190933
0.190839
0.190774
0.190738
0.190729
0.190744
0.190779
0.190829
0.19089
0.190956
0.191024
0.191089
0.191148
0.191195
0.191228
0.191242
0.191234
0.191203
0.191147
0.191068
0.190971
0.190858
0.190738
0.190617
0.190503
0.190402
0.19032
0.19026
0.190225
0.190214
0.190224
0.190251
0.19029
0.190333
0.190374
0.190407
0.190428
0.190433
0.190421
0.190393
0.19035
0.190297
0.190238
0.190178
0.190124
0.19008
0.190049
0.190035
0.19004
0.190062
0.190102
0.190155
0.19022
0.190292
0.190367
0.190441
0.190511
0.190575
0.190629
0.190673
0.190706
0.190727
0.190738
0.19074
0.190733
0.19072
0.190701
0.190679
0.190653
0.190626
0.190599
0.190571
0.190544
0.190517
0.190492
0.190466
0.190441
0.190415
0.190388
0.190359
0.190329
0.190296
0.190261
0.190223
0.190183
0.190142
0.190101
0.19006
0.190022
0.189986
0.189956
0.189931
0.189914
0.189904
0.189903
0.189911
0.189927
0.189952
0.189985
0.190024
0.190069
0.190119
0.190171
0.190224
0.190277
0.190328
0.190375
0.190417
0.190453
0.190482
0.190503
0.190516
0.19052
0.190517
0.190505
0.190487
0.190462
0.190433
0.1904
0.190365
0.19033
0.190295
0.190262
0.190231
0.190204
0.19018
0.190161
0.190145
0.190134
0.190125
0.19012
0.190118
0.190117
0.190118
0.19012
0.190123
0.190127
0.190131
0.190136
0.190142
0.190148
0.190155
0.190163
0.190171
0.190181
0.19019
0.190201
0.190211
0.190221
0.190231
0.190239
0.190246
0.19025
0.190253
0.190253
0.190251
0.190246
0.190239
0.19023
0.190219
0.190206
0.190193
0.190179
0.190165
0.190151
0.190139
0.190128
0.190118
0.19011
0.190104
0.1901
0.190097
0.190096
0.190096
0.190096
0.190097
0.190098
0.190099
0.190099
0.190099
0.190098
0.190097
0.190094
0.190091
0.190088
0.190085
0.190081
0.190078
0.190076
0.190075
0.190075
0.190076
0.190078
0.190082
0.190087
0.190094
0.190101
0.19011
0.190119
0.190128
0.190137
0.190146
0.190154
0.190162
0.190168
0.190173
0.190177
0.190179
0.19018
0.19018
0.190178
0.190175
0.190171
0.190166
0.19016
0.190154
0.190147
0.190141
0.190134
0.190128
0.190122
0.190117
0.190113
0.190109
0.190106
0.190104
0.190103
0.190102
0.190103
0.190104
0.190106
0.190109
0.190113
0.190117
0.190122
0.190128
0.190133
0.190139
0.190145
0.19015
0.190156
0.190161
0.190165
0.190168
0.19017
0.190171
0.190171
0.190169
0.190166
0.190161
0.190155
0.190147
0.190138
0.190128
0.190116
0.190104
0.190092
0.190079
0.190067
0.190055
0.190043
0.190033
0.190024
0.190016
0.19001
0.190006
0.190003
0.190003
0.190004
0.190007
0.190011
0.190017
0.190024
0.190032
0.190041
0.190051
0.190061
0.190071
0.190081
0.190091
0.190101
0.19011
0.190119
0.190127
0.190134
0.19014
0.190145
0.19015
0.190153
0.190156
0.190157
0.190158
0.190157
0.190156
0.190153
0.19015
0.190146
0.190142
0.190136
0.19013
0.190123
0.190116
0.190109
0.190101
0.190093
0.190086
0.190078
0.19007
0.190062
0.190055
0.190048
0.190041
0.190035
0.190029
0.190024
0.190019
0.190014
0.19001
0.190007
0.190004
0.190002
0.190001
0.19
0.19
0.19
0.190002
0.190004
0.190006
0.19001
0.190014
0.19002
0.190026
0.190032
0.19004
0.190048
0.190057
0.190066
0.190076
0.190086
0.190096
0.190106
0.190116
0.190125
0.190134
0.190143
0.19015
0.190157
0.190163
0.190167
0.19017
0.190173
0.190173
0.190173
0.190171
0.190168
0.190164
0.190159
0.190152
0.190145
0.190137
0.190128
0.190119
0.190109
0.190099
0.190089
0.190079
0.190069
0.190059
0.19005
0.190041
0.190033
0.190026
0.19002
0.190014
0.19001
0.190006
0.190004
0.190002
0.190002
0.190002
0.190003
0.190005
0.190008
0.190011
0.190015
0.190019
0.190023
0.190028
0.190033
0.190038
0.190042
0.190047
0.190051
0.190055
0.190059
0.190062
0.190065
0.190067
0.190069
0.190071
0.190072
0.190073
0.190073
0.190073
0.190073
0.190073
0.190072
0.190071
0.19007
0.190069
0.190068
0.190067
0.190066
0.190064
0.190063
0.190062
0.190061
0.190059
0.190058
0.190057
0.190055
0.190054
0.190053
0.190052
0.19005
0.190049
0.190048
0.190047
0.190046
0.190045
0.190044
0.190043
0.190043
0.190042
0.190042
0.190042
0.190042
0.190042
0.190042
0.190043
0.190044
0.190045
0.190046
0.190048
0.190049
0.190051
0.190053
0.190055
0.190057
0.190059
0.190061
0.190063
0.190065
0.190067
0.190069
0.19007
0.190072
0.190073
0.190074
0.190075
0.190075
0.190075
0.190075
0.190075
0.190074
0.190074
0.190072
0.190071
0.190069
0.190068
0.190066
0.190064
0.190062
0.19006
0.190058
0.190056
0.190054
0.190052
0.19005
0.190048
0.190047
0.190045
0.190044
0.190043
0.190042
0.190041
0.190041
0.19004
0.19004
0.19004
0.19004
0.19004
0.19004
0.19004
0.19004
0.190041
0.190041
0.190041
0.190042
0.190042
0.190043
0.190043
0.190044
0.190044
0.190044
0.190045
0.190045
0.190046
0.190046
0.190047
0.190047
0.190047
0.190048
0.190048
0.190048
0.190049
0.190049
0.190049
0.190049
0.190048
0.190048
0.190048
0.190047
0.190047
0.190046
0.190045
0.190044
0.190042
0.190041
0.190039
0.190038
0.190036
0.190034
0.190032
0.19003
0.190028
0.190026
0.190024
0.190022
0.19002
0.190019
0.190018
0.190016
0.190015
0.190015
0.190015
0.190015
0.190015
0.190015
0.190016
0.190018
0.190019
0.190021
0.190024
0.190026
0.190029
0.190032
0.190035
0.190039
0.190042
0.190046
0.190049
0.190053
0.190056
0.190059
0.190063
0.190066
0.190068
0.190071
0.190073
0.190075
0.190077
0.190078
0.190079
0.190079
0.19008
0.190079
0.190079
0.190078
0.190077
0.190075
0.190073
0.190071
0.190069
0.190066
0.190064
0.190061
0.190057
0.190054
0.190051
0.190048
0.190044
0.190041
0.190038
0.190034
0.190031
0.190028
0.190025
0.190023
0.19002
0.190018
0.190016
0.190014
0.190012
0.190011
0.19001
0.190009
0.190009
0.190009
0.190009
0.190009
0.19001
0.190011
0.190012
0.190014
0.190016
0.190018
0.19002
0.190022
0.190024
0.190027
0.190029
0.190032
0.190034
0.190036
0.190039
0.190041
0.190043
0.190045
0.190047
0.190048
0.19005
0.190051
0.190051
0.190052
0.190052
0.190052
0.190052
0.190051
0.19005
0.190049
0.190048
0.190046
0.190044
0.190042
0.19004
0.190038
0.190036
0.190034
0.190031
0.190029
0.190027
0.190025
0.190023
0.190021
0.190019
0.190018
0.190017
0.190016
0.190015
0.190014
0.190014
0.190014
0.190014
0.190014
0.190015
0.190016
0.190017
0.190018
0.19002
0.190022
0.190023
0.190025
0.190027
0.190029
0.190031
0.190033
0.190035
0.190037
0.190039
0.190041
0.189632
0.187087
0.18489
0.190478
0.192284
0.190259
0.189022
0.18858
0.18878
0.188777
0.188595
0.188328
0.188246
0.188404
0.188012
0.187068
0.185826
0.184731
0.184097
0.183961
0.183697
0.183073
0.182147
0.181312
0.180824
0.180713
0.180419
0.179802
0.178922
0.178174
0.177709
0.177508
0.177123
0.176528
0.175769
0.175133
0.174647
0.174306
0.173848
0.173281
0.172594
0.171987
0.171447
0.171015
0.170494
0.169923
0.169242
0.168643
0.168079
0.167658
0.167129
0.166587
0.165855
0.165281
0.164698
0.164432
0.163864
0.163356
0.162382
0.161898
0.16123
0.161376
0.160599
0.160187
0.158835
0.158607
0.157692
0.158405
0.157318
0.157166
0.155759
0.155555
0.154303
0.155137
0.154082
0.154294
0.152894
0.1526
0.151332
0.151803
0.150808
0.151163
0.14985
0.14971
0.148416
0.148676
0.147506
0.147975
0.146655
0.146826
0.145378
0.145685
0.144177
0.144919
0.143357
0.144006
0.142366
0.142815
0.141095
0.141847
0.140024
0.141105
0.139353
0.140094
0.138491
0.138837
0.13714
0.137841
0.136044
0.137277
0.135573
0.136232
0.134747
0.134814
0.133207
0.133782
0.132188
0.133446
0.131852
0.132292
0.130894
0.130777
0.129204
0.129849
0.128559
0.129607
0.128096
0.128204
0.126882
0.126847
0.125268
0.12618
0.124941
0.125753
0.12424
0.124162
0.122831
0.123053
0.121538
0.1226
0.121204
0.121839
0.120354
0.120313
0.118861
0.119362
0.117872
0.119014
0.117496
0.117984
0.116587
0.116582
0.115036
0.11573
0.114311
0.115466
0.11393
0.114218
0.112922
0.112885
0.111281
0.112167
0.110893
0.111947
0.110442
0.110441
0.109258
0.109213
0.107672
0.108697
0.107576
0.108364
0.106917
0.10667
0.105521
0.105647
0.104374
0.105332
0.10414
0.104603
0.103204
0.103082
0.10169
0.102331
0.101003
0.102044
0.100562
0.10087
0.0995674
0.0996472
0.0979787
0.0990099
0.0975499
0.0987837
0.0972735
0.0973527
0.0962464
0.09605
0.0943051
0.0955529
0.094599
0.0955959
0.0941536
0.0935989
0.0927772
0.0924743
0.0915451
0.0922464
0.0917529
0.0918622
0.0905745
0.0899316
0.0888914
0.0896107
0.0891279
0.0893401
0.0881171
0.0875086
0.0865008
0.087121
0.0866454
0.086898
0.085702
0.0851639
0.0841321
0.0846907
0.0841131
0.0844719
0.0832669
0.082882
0.0817758
0.082308
0.0814674
0.0820913
0.0808184
0.0807741
0.0795702
0.0799715
0.0785447
0.0796955
0.0782728
0.0789997
0.0777494
0.0777447
0.0765087
0.0768207
0.0752633
0.0768671
0.0754509
0.0761716
0.0750486
0.0745713
0.073634
0.0734298
0.0727947
0.07383
0.0731367
0.0729241
0.0718525
0.071082
0.070091
0.0706973
0.0707745
0.0708622
0.0699468
0.0691852
0.0685952
0.0688962
0.068781
0.0686456
0.0679902
0.0675284
0.067012
0.0670519
0.066727
0.0666131
0.0660171
0.0658102
0.0653294
0.0653846
0.0649139
0.0648704
0.064313
0.0642722
0.0637429
0.0638097
0.0632679
0.0633476
0.0627732
0.062888
0.0622977
0.0624703
0.0618576
0.0620702
0.0614298
0.0616772
0.0610086
0.0612961
0.0606044
0.0609329
0.0602243
0.0605819
0.0598646
0.060239
0.0595193
0.0599088
0.0591902
0.059601
0.0588868
0.059317
0.0586118
0.0590476
0.0583534
0.0587853
0.0581005
0.058538
0.0578612
0.0583162
0.0576522
0.0581121
0.0574663
0.0579053
0.057276
0.0576995
0.05708
0.0575267
0.0569189
0.0573966
0.0568105
0.0572644
0.0567026
0.0571017
0.0565484
0.056962
0.0564084
0.0569176
0.0563779
0.0569065
0.0564024
0.0567954
0.0563124
0.0566195
0.0561149
0.0566093
0.0561063
0.0568331
0.0563633
0.0568529
0.0564696
0.0565242
0.0561065
0.0562666
0.0559618
0.056908
0.0566091
0.057374
0.0570585
0.0568188
0.0565336
0.056182
0.0562054
0.0566872
0.05752
0.0576325
0.0572956
0.0571588
0.0568135
0.0569574
0.0569594
0.0576946
0.0575547
0.0579851
0.0577721
0.0576866
0.0575014
0.0575794
0.0577303
0.0583172
0.0584608
0.0587011
0.0585429
0.0584542
0.0584577
0.0587351
0.0589846
0.0592709
0.0592207
0.0593225
0.0594174
0.0597728
0.0598731
0.0601424
0.0601081
0.0602947
0.0603447
0.0606938
0.060744
0.0611428
0.0611162
0.0614208
0.0613731
0.0615861
0.061601
0.0618998
0.0620546
0.0625291
0.062583
0.063015
0.0629511
0.0630295
0.0629705
0.0630674
0.0635519
0.0639979
0.0644661
0.064861
0.0646919
0.0646277
0.0647113
0.0648751
0.0651384
0.0655053
0.0658972
0.066239
0.0665844
0.0666921
0.0668971
0.0670743
0.0672932
0.067562
0.0678789
0.0683225
0.0687055
0.0688186
0.0690462
0.0690229
0.0689901
0.069069
0.06972
0.0706073
0.070987
0.0714228
0.0714038
0.0712548
0.0710941
0.0712486
0.0718904
0.0721786
0.0725282
0.0727061
0.072771
0.073076
0.0735441
0.0734068
0.0732895
0.0732971
0.0752072
0.0762808
0.0789262
0.0736285
0.0740509
0.0737816
0.0735395
0.0753047
0.0761623
0.0764556
0.0743239
0.0752352
0.0779756
0.0748213
0.0755149
0.0747218
0.074551
0.0763178
0.0762479
0.0841643
0.0761834
0.0914892
0.0768272
0.0760807
0.0758082
0.0756422
0.0784702
0.081068
0.0846011
0.077635
0.0775275
0.0772588
0.0764765
0.094963
0.0896347
0.0830803
0.0784928
0.0790534
0.078437
0.0782549
0.0830893
0.0833588
0.0903343
0.0799342
0.0865158
0.0798755
0.0788278
0.0787863
0.0784276
0.0815473
0.0910632
0.0910769
0.081352
0.0796046
0.085182
0.0796979
0.0815262
0.0794768
0.0789779
0.0806305
0.0802859
0.0886644
0.0818686
0.0944311
0.0806942
0.0798074
0.079051
0.0785
0.08344
0.0842046
0.0866528
0.0799794
0.0850505
0.0814484
0.0792492
0.0790902
0.0793081
0.0798419
0.097394
0.104708
0.0937231
0.0822555
0.0821479
0.0811935
0.0803841
0.0859634
0.0847538
0.0861962
0.0810138
0.0854748
0.0841383
0.0806682
0.0803052
0.0844685
0.0806519
0.0920583
0.0812978
0.0804657
0.0789402
0.0783754
0.0853208
0.0820075
0.0872599
0.0793826
0.0797804
0.0787159
0.0777469
0.0891282
0.0838101
0.0838836
0.0784329
0.0785222
0.0904191
0.0794021
0.0954285
0.0799364
0.0786027
0.0779518
0.0773907
0.081019
0.0842478
0.0860816
0.0792815
0.0789812
0.0802684
0.0775072
0.0946968
0.0834879
0.0798431
0.0775216
0.0771543
0.0778786
0.0782858
0.0864016
0.0849336
0.0911247
0.0788799
0.0823276
0.0785072
0.0770806
0.0779034
0.07736
0.0792304
0.0824781
0.0875348
0.079937
0.0781153
0.0771809
0.0762176
0.0783489
0.080791
0.0806665
0.077921
0.0773499
0.0872666
0.078297
0.0868658
0.0769702
0.0759889
0.0756055
0.0749809
0.0792165
0.0844633
0.0832872
0.0766412
0.0758367
0.0799521
0.0754634
0.0807105
0.0758858
0.0750475
0.0745291
0.0742188
0.079474
0.0843094
0.0931505
0.0769397
0.0759891
0.0751251
0.0741511
0.0785456
0.0785707
0.0782406
0.0748145
0.0866071
0.0864832
0.0768874
0.0748162
0.0823141
0.0751795
0.0763268
0.0743266
0.073749
0.0773092
0.07547
0.0820129
0.0748039
0.0758186
0.0734399
0.0728
0.076654
0.0740493
0.0787003
0.0734092
0.0735151
0.0724373
0.071901
0.0905922
0.0776981
0.0813066
0.0732474
0.0725231
0.0733144
0.0720813
0.076118
0.0771777
0.0752436
0.0725382
0.0753145
0.0741242
0.0727543
0.0723818
0.0750536
0.0742875
0.0844643
0.0738249
0.0790744
0.0723648
0.0715062
0.0716279
0.0710277
0.0744559
0.0831933
0.0789762
0.072811
0.0714629
0.0719447
0.0710168
0.0730461
0.0774603
0.0749781
0.0725473
0.0711329
0.0718992
0.0715923
0.0725482
0.0751785
0.0857889
0.0764242
0.0727403
0.0709543
0.0705566
0.070947
0.071695
0.0756189
0.0795522
0.0765481
0.071598
0.0711827
0.0715594
0.0703297
0.0770993
0.0795751
0.0740128
0.0706692
0.0716453
0.0702922
0.0702791
0.0731205
0.0720147
0.0888784
0.0725935
0.0747586
0.070296
0.0695981
0.071114
0.0697955
0.072901
0.0714798
0.0716737
0.0697057
0.0714327
0.0789751
0.071422
0.0710011
0.0690465
0.0685694
0.0780876
0.0708286
0.0754265
0.0691514
0.0685786
0.0686125
0.0680316
0.0732826
0.0839584
0.0760467
0.0697385
0.068768
0.0686141
0.0682943
0.0708243
0.074262
0.0758526
0.0698683
0.0689714
0.0701006
0.0681165
0.0717274
0.0710047
0.0691417
0.0680283
0.073603
0.069602
0.0705313
0.0676871
0.0675633
0.0704353
0.0678155
0.0821086
0.0692753
0.0684051
0.0670173
0.0666485
0.0705985
0.0687413
0.072347
0.0674692
0.0681964
0.0670355
0.0664332
0.0699995
0.0687882
0.071087
0.0669499
0.0689663
0.0673146
0.0662846
0.0668071
0.0671792
0.0680554
0.0713552
0.0748308
0.0701513
0.0671363
0.0668713
0.0663824
0.0663893
0.0720489
0.0711806
0.0846779
0.0683403
0.0715521
0.0671622
0.0664341
0.0670938
0.0664945
0.0687693
0.0706835
0.0715978
0.0674314
0.067385
0.0689112
0.0663874
0.0808312
0.0695693
0.0674963
0.0660167
0.065696
0.0668769
0.067114
0.0712977
0.0682135
0.0773336
0.0671986
0.0667498
0.0656767
0.0652497
0.0709094
0.067957
0.0703553
0.0657962
0.0659505
0.0659657
0.0650484
0.0774207
0.0886938
0.0715902
0.0668523
0.0664371
0.065857
0.0660553
0.0685456
0.0684447
0.0731242
0.0670381
0.0727927
0.0665616
0.0656311
0.0653773
0.0650131
0.0674194
0.071561
0.0724831
0.0665511
0.0654797
0.0674837
0.0650345
0.0671315
0.0658187
0.0651215
0.065118
0.0660824
0.068546
0.0902795
0.0703642
0.0669539
0.0652369
0.0648296
0.0654586
0.0658208
0.0673857
0.0688843
0.0724245
0.0668402
0.0664458
0.0652431
0.0645174
0.0721852
0.0672296
0.0678941
0.0645643
0.0643537
0.0677817
0.064626
0.0739197
0.0653286
0.0645848
0.0637153
0.0634219
0.0670708
0.0662095
0.0701289
0.064371
0.0673955
0.0641926
0.0634425
0.0636402
0.0634091
0.0655635
0.0747025
0.0768638
0.0658959
0.0640316
0.0650353
0.0636037
0.0644684
0.065492
0.0645326
0.0659269
0.0654829
0.0660607
0.0646686
0.0702259
0.0684766
0.0658148
0.0637148
0.0651191
0.0641083
0.0638944
0.0644171
0.0652043
0.0757875
0.0694338
0.067328
0.0637696
0.0636003
0.0646369
0.0635421
0.0670793
0.0656835
0.0651444
0.0632761
0.0646336
0.0686693
0.0643184
0.0643826
0.0630769
0.062698
0.0762165
0.0656227
0.0694623
0.0634251
0.0628285
0.0631187
0.0625939
0.0651494
0.0684273
0.0669015
0.063458
0.0629513
0.0641913
0.062751
0.0667555
0.064344
0.0636093
0.0623994
0.062676
0.0655398
0.0637409
0.070778
0.0633467
0.0633813
0.0621388
0.0618209
0.0701932
0.0640695
0.0669085
0.0624005
0.0620173
0.0623012
0.0618048
0.0659755
0.0692303
0.0664975
0.062561
0.0624638
0.0626618
0.0619941
0.0681095
0.0700386
0.0656943
0.0624885
0.0632141
0.062379
0.0621967
0.0643376
0.0639717
0.06953
0.0632285
0.0691419
0.0628111
0.0620921
0.0619324
0.0616942
0.0637373
0.0667664
0.0681046
0.0630168
0.0622701
0.0631001
0.061797
0.0641762
0.0641563
0.0628369
0.0619976
0.0725194
0.064299
0.0646562
0.0619115
0.0616199
0.066246
0.0624275
0.0654161
0.0619846
0.0616354
0.0616002
0.061351
0.0671381
0.0803546
0.072646
0.0635267
0.0625069
0.0625526
0.0621792
0.0634206
0.0644684
0.0646543
0.0634203
0.0634374
0.0654181
0.0639072
0.0731533
0.0641271
0.0639573
0.0622282
0.0618703
0.0680892
0.0633489
0.0658193
0.0621737
0.0618238
0.0620601
0.0616079
0.0666928
0.0706878
0.0671233
0.0624714
0.0622634
0.0623067
0.0617867
0.0654917
0.067322
0.0652584
0.0622259
0.0626245
0.0626411
0.061865
0.0658717
0.0753659
0.0657323
0.0626557
0.0619854
0.061746
0.0620376
0.0635916
0.0647907
0.0679413
0.0632054
0.0631584
0.0620869
0.0615989
0.0720073
0.0643084
0.0651189
0.0619617
0.0616238
0.0637466
0.0619468
0.0652176
0.0623036
0.0620715
0.0614592
0.0613714
0.0719223
0.0654203
0.0783695
0.0634669
0.0624746
0.0620646
0.0618164
0.0632549
0.0637389
0.0644562
0.0627991
0.0647127
0.063775
0.062739
0.0622627
0.0639566
0.0634912
0.0653595
0.0627843
0.0668233
0.0629947
0.0622081
0.0617265
0.061584
0.0633482
0.0644155
0.0691461
0.0629268
0.0632257
0.0618242
0.0614462
0.0658404
0.062755
0.0643941
0.0617458
0.061595
0.0619515
0.0614521
0.0715465
0.0678737
0.0657849
0.0620692
0.0622498
0.0627222
0.0619204
0.0647779
0.0654656
0.0636701
0.0620257
0.0635668
0.0625929
0.0623175
0.0622491
0.0630029
0.0678545
0.0812511
0.0667694
0.0631759
0.0624882
0.0622736
0.0625524
0.0635081
0.06402
0.0662356
0.0639268
0.064504
0.0626572
0.0625323
0.0646763
0.0628233
0.0681378
0.0631753
0.0627439
0.0619646
0.0617818
0.0660741
0.0638942
0.0678007
0.0625266
0.0625572
0.0620536
0.0617459
0.0682486
0.0649894
0.0658217
0.0623003
0.0622941
0.0636252
0.0621614
0.0679224
0.0635277
0.0628105
0.0619033
0.0618288
0.063995
0.0631869
0.0694323
0.0630043
0.0641471
0.0621642
0.0618837
0.06287
0.0622895
0.064541
0.063184
0.0641188
0.0622626
0.0626788
0.0630237
0.062279
0.0650208
0.0677156
0.0642996
0.0625286
0.0624648
0.0622554
0.0624554
0.0671939
0.0666392
0.0716875
0.0634164
0.065206
0.0630584
0.0625665
0.0631293
0.0628696
0.06398
0.0649642
0.0683599
0.0639798
0.0638135
0.0628222
0.0625499
0.0692525
0.0644103
0.0658008
0.0629177
0.0626629
0.06335
0.0627093
0.0664615
0.0647762
0.064596
0.062771
0.0632376
0.0689005
0.063742
0.0657247
0.0630373
0.0627199
0.0630588
0.0627591
0.0654935
0.0669491
0.0675725
0.0634445
0.0636702
0.0646303
0.0630927
0.0667343
0.0648178
0.0636467
0.062996
0.0633209
0.063708
0.0645457
0.0668896
0.0672525
0.0649993
0.0636589
0.065648
0.0639163
0.0639937
0.0636346
0.0635527
0.0738656
0.0687669
0.0835086
0.0660205
0.0649156
0.0644129
0.0642388
0.0652815
0.0653566
0.0657635
0.0652057
0.0685128
0.0663726
0.0672428
0.0645201
0.0646907
0.0659543
0.0644569
0.0686575
0.0656379
0.0648254
0.0640334
0.0640487
0.0655398
0.0653416
0.0728796
0.0655951
0.0731075
0.0652414
0.0645162
0.0643904
0.0642623
0.0654242
0.0665969
0.067665
0.0652853
0.0650207
0.0650852
0.0644872
0.0714566
0.0775871
0.068396
0.0654165
0.0652034
0.0649358
0.0651203
0.0666209
0.0666461
0.0691958
0.0657641
0.0685409
0.0654637
0.0649803
0.0649811
0.0648634
0.0664614
0.0697685
0.0711126
0.0661456
0.0652714
0.0658277
0.0650546
0.0660929
0.0669987
0.0661142
0.0659064
0.0661251
0.0663679
0.0732482
0.0721148
0.0732396
0.0666472
0.0675213
0.0675678
0.0661469
0.0671383
0.0697615
0.06682
0.0668948
0.0659747
0.0657244
0.0709302
0.0675583
0.0706418
0.0663503
0.0661012
0.0660634
0.0657956
0.0687003
0.0709039
0.0697379
0.0665195
0.0664262
0.0672152
0.0662143
0.0701164
0.0680645
0.0671149
0.0661513
0.0663779
0.0671826
0.0669357
0.0707689
0.0679087
0.0730401
0.0671227
0.0667393
0.0664377
0.0662916
0.0682929
0.0684093
0.069515
0.0669051
0.0700887
0.0677049
0.0668003
0.0665917
0.0667059
0.0672692
0.0692491
0.0750856
0.0697414
0.0675432
0.066921
0.0668789
0.0671386
0.0679271
0.069091
0.0712276
0.0686148
0.0677911
0.067301
0.0671785
0.068307
0.0689406
0.0707897
0.0683111
0.0692776
0.067841
0.0674622
0.0681144
0.0677637
0.0694252
0.0690211
0.0706211
0.0680609
0.0707549
0.0683837
0.0677927
0.067676
0.067667
0.0686902
0.0717325
0.0783107
0.069849
0.0683922
0.0680369
0.0679201
0.0685141
0.0693
0.0697085
0.0697975
0.0691822
0.0697747
0.0709644
0.0707953
0.0704544
0.06959
0.0741394
0.073322
0.0707887
0.0691971
0.0706753
0.0694304
0.0693488
0.0693085
0.0693206
0.076983
0.0844254
0.084397
0.0718132
0.0706781
0.0714048
0.0705018
0.0710994
0.0712623
0.0707164
0.0716557
0.0727282
0.0724264
0.0708077
0.0707357
0.073911
0.0710767
0.075236
0.0709897
0.0704866
0.0701946
0.0700168
0.0718575
0.0730298
0.0746299
0.0709074
0.0710008
0.0707853
0.0702388
0.0746716
0.0744366
0.0722952
0.0706485
0.0726938
0.0711169
0.0709046
0.0706822
0.0707385
0.0744331
0.075426
0.0846032
0.0726288
0.0726006
0.0715008
0.0712991
0.0730883
0.0720944
0.0726234
0.0715846
0.0719038
0.0723122
0.071959
0.0732959
0.0738455
0.0754257
0.0726042
0.0741604
0.0726579
0.0719638
0.0721876
0.0721215
0.0726081
0.0759996
0.0830956
0.075602
0.0727974
0.0723358
0.0722135
0.0723661
0.0736338
0.074624
0.0780114
0.0735979
0.0733869
0.0725977
0.0723175
0.0791627
0.0742782
0.0753019
0.0728531
0.0725641
0.0733113
0.0725901
0.0753137
0.0735215
0.0733638
0.0725643
0.0726
0.0810344
0.0741761
0.131467
0.0786814
0.0746474
0.0737343
0.0733304
0.0733986
0.0742821
0.076169
0.106931
0.0788623
0.0753532
0.0738637
0.073401
0.073513
0.0737581
0.0755894
0.0921935
0.0835581
0.0755384
0.0737894
0.0735253
0.0731812
0.0734483
0.0784838
0.0774334
0.0790048
0.0738575
0.0749759
0.0743374
0.0730855
0.0736269
0.0747587
0.0734647
0.0743672
0.0735465
0.073191
0.0734377
0.0735566
0.0753914
0.0779135
0.0904589
0.0752765
0.0737852
0.0729825
0.0726519
0.0730831
0.0734599
0.0751099
0.0746728
0.0755035
0.0733135
0.075986
0.0744961
0.0730073
0.0726678
0.0729203
0.0726956
0.0744993
0.0761872
0.0774557
0.0733082
0.0730523
0.0734338
0.0724913
0.0762953
0.0754621
0.073359
0.0725086
0.0737338
0.0726668
0.0728258
0.0725818
0.0725876
0.0785252
0.0766318
0.447087
0.126899
0.0897682
0.0818932
0.079564
0.0783691
0.0777557
0.0780374
0.0788498
0.081425
0.0910346
0.0818537
0.0772293
0.0753096
0.0745965
0.0743015
0.0744262
0.075687
0.0800437
0.0966907
0.0777855
0.0745804
0.0736134
0.073158
0.0732011
0.0737909
0.0749732
0.136074
0.0833481
0.0765241
0.0740547
0.0734058
0.0732775
0.0732997
0.0743572
0.0859959
0.231284
0.0963914
0.0790523
0.0761559
0.0750878
0.0745814
0.0746706
0.0753855
0.0771787
0.111924
0.0817736
0.0762248
0.0740943
0.0734629
0.0733355
0.0733802
0.0744217
0.0866053
0.142419
0.0834526
0.0754921
0.0740465
0.0734406
0.0732417
0.0736388
0.0745706
0.0800546
0.0768269
0.0744276
0.0729554
0.0728159
0.0726769
0.0726271
0.080487
0.0823819
0.113778
0.0772581
0.0750109
0.0731976
0.0726848
0.0729306
0.0727832
0.0736351
0.0759889
0.0811058
0.0743368
0.0728938
0.0724409
0.0721784
0.0723433
0.0731219
0.0740898
0.0762742
0.073173
0.0727739
0.0723199
0.0720449
0.0733092
0.0730545
0.0735461
0.0722867
0.0751456
0.073776
0.0723952
0.071991
0.0721772
0.0720259
0.0724953
0.0740734
0.0755803
0.0731084
0.0722163
0.0722154
0.0719488
0.0719899
0.447086
0.183854
0.171725
0.116821
0.102383
0.0979738
0.0917814
0.0883419
0.0868699
0.0837674
0.0823161
0.0831032
0.079671
0.0796795
0.0818452
0.0767757
0.447086
0.156456
0.0993356
0.0864511
0.0820434
0.0796892
0.0782315
0.0774437
0.0769887
0.0768256
0.077741
0.0801315
0.0971279
0.0797026
0.0750791
0.0733112
0.0727293
0.0725769
0.0725922
0.0731506
0.0774792
0.251932
0.101038
0.0768472
0.073342
0.0725543
0.0722825
0.0722477
0.0725901
0.0738298
0.113308
0.0796487
0.0736128
0.0722059
0.071902
0.0718432
0.0719137
0.0725514
0.080868
0.0815401
0.0735171
0.0720043
0.0742033
0.0720219
0.0718365
0.0717267
0.0716761
0.0728009
0.07418
0.0792678
0.0726188
0.0719961
0.0717067
0.0716046
0.0718136
0.0720689
0.0731153
0.072427
0.0724979
0.071858
0.071925
0.0847221
0.073428
0.0794775
0.0723957
0.0717212
0.071634
0.071581
0.0716983
0.0735353
0.0756373
0.0735511
0.0718846
0.0717373
0.0716877
0.0716215
0.072732
0.0786058
0.0766785
0.0722834
0.0716977
0.0718085
0.0716071
0.0717059
0.0732715
0.0724423
0.0732893
0.071824
0.0718266
0.0718136
0.0716326
0.447086
0.283663
0.122284
0.0840852
0.0766685
0.0744673
0.0735392
0.0731094
0.0730089
0.0731995
0.0739829
0.0851655
0.0801634
0.0740287
0.0721317
0.0718975
0.0717194
0.0717022
0.0724953
0.0727633
0.110568
0.0763443
0.0742655
0.0718517
0.0715742
0.0716336
0.0715661
0.0717394
0.0737145
0.0739668
0.0724734
0.0716724
0.0740034
0.0719262
0.0716588
0.0715442
0.0715296
0.071766
0.0721182
0.0842937
0.0733864
0.0721859
0.0715745
0.0715098
0.0715551
0.0715682
0.0721996
0.0729891
0.0947388
0.0741233
0.0720826
0.0715586
0.0715024
0.0715168
0.0715599
0.0721686
0.077213
0.0747434
0.0719927
0.0715638
0.0715605
0.0715179
0.0715687
0.242305
0.104734
0.078058
0.0718457
0.0714921
0.0714966
0.0714962
0.0714974
0.072065
0.447086
0.146783
0.077679
0.0714995
0.0717714
0.0718728
0.0717808
0.0715935
0.0722574
0.0734609
0.0719803
0.0715001
0.0714947
0.0714907
0.0714931
0.0815582
0.081927
0.0887725
0.0729098
0.0761783
0.0718749
0.0714948
0.0714903
0.0714929
0.0714958
0.0739081
0.0775749
0.0737636
0.0716598
0.0715085
0.0714928
0.0714907
0.0715889
0.0731244
0.0858207
0.0735553
0.0716658
0.0714929
0.0714932
0.0714905
0.0715303
0.0725265
0.0791089
0.0730722
0.0716482
0.0714956
0.0714906
0.0714911
0.0715551
0.0731051
0.0805953
0.0731812
0.0716327
0.0714938
0.0714916
0.0714905
0.0715524
0.0728526
0.0805226
0.0730895
0.0716297
0.0714929
0.0714922
0.0714905
0.0715472
0.072866
0.0785054
0.0728501
0.0716081
0.0714935
0.0714913
0.0714908
0.0715705
0.0731453
0.0784361
0.0727156
0.0715884
0.0714928
0.0714917
0.0714907
0.0715878
0.0730982
0.0768758
0.0724236
0.0715674
0.0714943
0.0714908
0.0714922
0.0716592
0.073228
0.075417
0.0721112
0.0715442
0.0715028
0.0714905
0.0714984
0.0721466
0.0728897
0.0739331
0.0717566
0.0715932
0.0715592
0.0714952
0.0716987
0.0749111
0.072517
0.0717019
0.071499
0.0714916
0.071499
0.0715371
0.0746455
0.0764864
0.0735081
0.0716182
0.0715263
0.0714922
0.0714906
0.0717453
0.0720771
0.0748962
0.0719217
0.0717093
0.0715024
0.0714903
0.0716833
0.0715945
0.0723134
0.0716616
0.0723308
0.0716154
0.0715326
0.0715169
0.0715079
0.0719049
0.0777675
0.0873189
0.0732412
0.0715497
0.0714948
0.071522
0.0715064
0.071513
0.0722168
0.0761123
0.0723267
0.0715633
0.0714904
0.0714941
0.0714905
0.0715691
0.0737724
0.0745751
0.0721327
0.0715227
0.0715982
0.0714952
0.0714936
0.0718434
0.0717107
0.123849
0.0781138
0.0730666
0.0714914
0.0715968
0.071598
0.0715632
0.0714933
0.447086
0.188721
0.0908952
0.0719126
0.0719366
0.0724219
0.072306
0.0719842
0.0715691
0.0728778
0.0718635
0.071518
0.0715055
0.0714976
0.0714906
0.071523
0.0772854
0.0743024
0.072285
0.071498
0.0714977
0.0715045
0.0715004
0.0716263
0.0790884
0.100882
0.0748905
0.0715275
0.0716126
0.0717206
0.0716636
0.0715352
0.071701
0.0736737
0.0720938
0.0715257
0.0714932
0.0714952
0.0714909
0.071548
0.098289
0.0840474
0.0728881
0.0714938
0.0716567
0.0717097
0.0716327
0.0714987
0.0732629
0.0731819
0.0717948
0.0714909
0.0794372
0.0722277
0.0715134
0.0715352
0.0715704
0.0715208
0.071491
0.0728704
0.072729
0.0719268
0.0715015
0.073302
0.0717074
0.0715006
0.0715002
0.0715029
0.0714941
0.0716026
0.114821
0.0790394
0.0720472
0.0715799
0.0718356
0.0718104
0.0716703
0.0714965
0.0864247
0.0746601
0.071737
0.071531
0.0716352
0.0716116
0.0715371
0.0715519
0.0788424
0.0735838
0.0716552
0.0715072
0.0715535
0.0715426
0.0714991
0.0717899
0.0867508
0.0749265
0.0716622
0.0715401
0.0716381
0.0716157
0.0715316
0.0715831
0.0797644
0.0735005
0.0716226
0.0715164
0.0715714
0.0715531
0.0715013
0.0717682
0.0784286
0.0733234
0.0715937
0.0715143
0.0715589
0.071544
0.071496
0.0719065
0.0803459
0.0735233
0.071581
0.0715282
0.0715873
0.0715649
0.0715021
0.0718004
0.0769986
0.0728855
0.0715614
0.0715132
0.071548
0.0715312
0.0714914
0.0721703
0.0774925
0.0729054
0.0715405
0.0715213
0.0715608
0.0715405
0.0714916
0.0721462
0.0764851
0.0726245
0.0715278
0.0715173
0.0715493
0.0715288
0.0714904
0.0724088
0.0757055
0.0724174
0.071513
0.0715299
0.0715708
0.0715602
0.0715357
0.0715157
0.0715033
0.0714966
0.0714932
0.0714916
0.0714909
0.0714906
0.0714904
0.0714904
0.0714903
0.0714903
0.0714903
0.0714903
0.0714903
0.0714903
0.0714903
0.0714903
0.0714903
0.0714903
0.0714903
0.0714903
0.0714903
0.0714903
0.0714903
0.0714903
0.0714903
0.0714903
0.0714903
0.0714903
0.0714903
0.0714903
0.0714903
0.0714903
0.0714903
0.0714903
0.0714903
0.0714903
0.0714904
0.0714904
0.0714904
0.0714904
0.0714904
0.0714904
0.0714904
0.0714904
0.0714904
0.0714904
0.0714904
0.0714904
0.0714904
0.0714904
0.0714904
0.0714904
0.0714904
0.0714904
0.0714904
0.0714904
0.0714904
0.0714904
0.0714904
0.0714905
0.0714905
0.0714905
0.0714905
0.0714905
0.0714905
0.0714905
0.0714905
0.0714905
0.0714905
0.0714905
0.0714905
0.0714905
0.0714905
0.0714905
0.0714905
0.0714905
0.0714904
0.0714904
0.0714904
0.0714904
0.0714904
0.0714904
0.0714904
0.0714904
0.0714904
0.0714904
0.0714904
0.0714904
0.0714904
0.0714904
0.0714904
0.0714904
0.0714904
0.0714904
0.0714904
0.0714904
0.0714904
0.0714904
0.0714904
0.0714903
0.0714903
0.0714903
0.0714903
0.0714903
0.0714903
0.0714903
0.0714903
0.0714903
0.0714903
0.0714903
0.0714903
0.0714903
0.0714903
0.0714903
0.0714903
0.0714903
0.0714903
0.0714903
0.0714903
0.0714903
0.0714903
0.0714903
0.0714903
0.0714903
0.0714903
0.0714903
0.0714903
0.0714903
0.0714903
0.0714903
0.0714903
0.0714903
0.0714903
0.0714903
0.0714903
0.0714903
0.0714903
0.0714904
0.0714904
0.0714904
0.0714904
0.0714904
0.0714904
0.0714904
0.0714904
0.0714904
0.0714904
0.0714904
0.0714904
0.0714904
0.0714904
0.0714904
0.0714904
0.0714904
0.0714904
0.0714904
0.0714904
0.0714904
0.0714904
0.0714904
0.0714904
0.0714904
0.0714904
0.0714904
0.0714904
0.0714904
0.0714904
0.0714904
0.0714904
0.0714904
0.0714904
0.0714904
0.0714904
0.0714904
0.0714904
0.0714904
0.0714904
0.0714904
0.0714904
0.0714904
0.0714904
0.0714904
0.0714904
0.0714904
0.0714904
0.0714904
0.0714904
0.0714904
0.0714904
0.0714904
0.0714904
0.0714904
0.0714904
0.0714904
0.0714904
0.0714904
0.0714904
0.0714904
0.0714904
0.0714904
0.0714904
0.0714904
0.0714904
0.0714904
0.0714904
0.0714904
0.0714904
0.0714904
0.0714904
0.0714904
0.0714904
0.0714903
0.0714903
0.0714903
0.0714903
0.0714903
0.0714903
0.0714903
0.0714903
0.0714903
0.0714903
0.0714903
0.0714903
0.0714903
0.0714903
0.0714903
0.0714903
0.0714903
0.0714903
0.0714903
0.0714903
0.0714903
0.0714903
0.0714903
0.0714903
0.0714903
0.0714903
0.0714903
0.0714903
0.0714903
0.0714903
0.0714903
0.0714904
0.0714904
0.0714904
0.0714904
0.0714904
0.0714904
0.0714904
0.0714904
0.0714904
0.0714904
0.0714904
0.0714904
0.0714904
0.0714904
0.0714904
0.0714904
0.0714904
0.0714904
0.0714904
0.0714904
0.0714904
0.0714904
0.0714904
0.0714904
0.0714904
0.0714904
0.0714904
0.0714904
0.0714904
0.0714904
0.0714904
0.0714904
0.0714904
0.0714904
0.0714904
0.0714904
0.0714904
0.0714904
0.0714904
0.0714904
0.0714904
0.0714904
0.0714904
0.0714904
0.0714904
0.0714904
0.0714904
0.0714904
0.0714904
0.0714904
0.0714904
0.0714904
0.0714904
0.0714904
0.0714904
0.0714904
0.0714904
0.0714904
0.0714904
0.0714904
0.0714904
0.0714904
0.0714904
0.0714904
0.0714904
0.0714904
0.0714904
0.0714904
0.0714904
0.0714904
0.0714904
0.0714904
0.0714904
0.0714904
0.0714904
0.0714903
0.0714903
0.0714903
0.0714903
0.0714903
0.0714903
0.0714903
0.0714903
0.0714903
0.0714903
0.0714903
0.0714903
0.0714903
0.0714903
0.0714903
0.0714903
0.0714903
0.0714903
0.0714903
0.0714903
0.0714903
0.0714903
0.0714903
0.0714903
0.0714903
0.0714903
0.0714903
0.0714903
0.0714903
0.0714904
0.0714904
0.0714904
0.0714904
0.0714904
0.0714904
0.0714904
0.0714904
0.0714904
0.0714904
0.0714904
0.0714904
0.0714904
0.0714904
0.0714904
0.0714904
0.0714904
0.0714904
0.0714904
0.0714904
0.0714904
0.0714904
0.0714904
0.0714904
0.0714904
0.0714904
0.0714904
0.0714904
0.0714904
0.0714904
0.0714904
0.0714904
0.0714904
0.0714904
0.0714904
0.0714904
0.0714904
0.0714904
0.0714904
0.0714904
0.0714904
0.0714904
0.0714904
0.0714904
0.0714904
0.0714904
0.0714904
0.0714904
0.0714904
0.0714904
0.0714904
0.0714904
0.0714904
0.0714904
0.0714904
0.0714904
0.0714904
0.0714904
0.0714904
0.0714904
0.0714904
0.0714904
0.0714904
0.0714904
0.0714904
0.0714904
0.0714904
0.0714904
0.0714904
0.0714904
0.0714904
0.0714904
0.0714904
0.0714904
0.0714904
0.0714904
0.0714904
0.0714904
0.0714904
0.0714904
0.0714904
0.0714904
0.0714903
0.0714903
0.0714903
0.0714903
0.0714903
0.0714903
0.0714903
0.0714903
0.0714903
0.0714903
0.0714903
0.0714903
0.0714903
0.0714903
0.0714903
0.0714903
0.0714903
0.0714903
0.0714904
0.0714904
0.0714904
0.0714904
0.0714904
0.0714904
0.0714904
0.0714904
0.0714904
0.0714904
0.0714904
0.0714904
0.0714904
0.0714904
0.0714904
0.0714904
0.0714904
0.0714904
0.0714904
0.0714904
0.0714904
0.0714904
0.0714904
0.0714904
0.0714904
0.0714904
0.0714904
0.0714904
0.0714904
0.0714904
0.0714904
0.0714904
0.0714904
0.0714904
0.0714904
0.0714904
0.0714904
0.0714904
0.0714904
0.0714904
0.0714904
0.0714904
0.0714904
0.0714904
0.0714904
0.0714904
0.0714904
0.0714904
0.0714904
0.0714904
0.0714904
0.0714904
0.0714904
0.0714904
0.0714904
0.0714904
0.0714904
0.0714904
0.0714904
0.0714904
0.0714904
0.0714904
0.0714904
0.0714904
0.0714904
0.0714904
0.0714904
0.0714904
0.0714904
0.0714904
0.0714904
0.0714904
0.0714904
0.0714904
0.0714904
0.0714904
0.0714904
0.0714904
0.0714904
0.0714904
0.0714904
0.0714904
0.0714904
0.0714904
0.0714904
0.0714904
0.0714904
0.0714904
0.0714904
0.0714904
0.0714904
0.0714904
0.0714904
0.0714903
0.0714903
0.0714903
0.0714903
0.0714903
0.0714903
0.0714903
0.0714903
0.0714903
0.0714903
0.0714904
0.0714904
0.0714904
0.0714904
0.0714904
0.0714904
0.0714904
0.0714904
0.0714904
0.0714904
0.0714904
0.0714904
0.0714904
0.0714904
0.0714904
0.0714904
0.0714904
0.0714904
0.0714904
0.0714904
0.0714904
0.0714904
0.0714904
0.0714904
0.0714904
0.0714904
0.0714904
0.0714904
0.0714904
0.0714904
0.0714904
0.0714904
0.0714904
0.0714904
0.0714904
0.0714904
0.0714904
0.0714904
0.0714904
0.0714904
0.0714904
0.0714904
0.0714904
0.0714904
0.0714904
0.0714904
0.0714904
0.0714904
0.0714904
0.0714904
0.0714904
0.0714904
0.0714904
0.0714904
0.0714904
0.0714904
0.0714904
0.0714904
0.0714904
0.0714904
0.0714904
0.0714904
0.0714904
0.0714904
0.0714904
0.0714904
0.0714904
0.0714904
0.0714904
0.0714904
0.0714904
0.0714904
0.0714904
0.0714904
0.0714904
0.0714904
0.0714904
0.0714904
0.0714904
0.0714904
0.0714904
0.0714904
0.0714904
0.0714904
0.0714904
0.0714904
0.0714904
0.0714904
0.0714904
0.0714904
0.0714904
0.0714904
0.0714904
0.0714904
0.0714904
0.0714904
0.0714904
0.0714904
0.0714904
0.0714904
0.0714904
0.0714904
0.0714904
0.0714904
0.0714904
0.0714904
0.0714904
0.0714904
0.0714904
0.0714904
0.0714904
0.0714904
0.0714904
0.0714904
0.0714904
0.0714904
0.0714904
0.0714904
0.0714904
0.0714904
0.0714904
0.0714904
0.0714904
0.0714904
0.0714904
0.0714904
0.0714904
0.0714904
0.0714904
0.0714904
0.0714904
0.0714904
0.0714904
0.0714904
0.0714904
0.0714904
0.0714904
0.0714904
0.0714904
0.0714904
0.0714904
0.0714904
0.0714904
0.0714904
0.0714904
0.0714904
0.0714904
0.0714904
0.0714904
0.0714904
0.0714904
0.0714904
0.0714904
0.0714904
0.0714904
0.0714904
0.0714904
0.0714904
0.0714904
0.0714904
0.0714904
0.0714904
0.0714904
0.0714904
0.0714904
0.0714904
0.0714904
0.0714904
0.0714904
0.0714904
0.0714904
0.0714904
0.0714904
0.0714904
0.0714904
0.0714904
0.0714904
0.0714904
0.0714904
0.0714904
0.0714904
0.0714904
0.0714904
0.0714904
0.0714904
0.0714904
0.0714904
0.0714904
0.0714904
0.0714904
0.0714904
0.0714904
0.0714904
0.0714904
0.0714904
0.0712808
0.0701853
0.0689194
0.0675583
0.0660688
0.0644929
0.0629057
0.0613584
0.0598582
0.0583776
0.0568782
0.0553326
0.0537358
0.0521039
0.0504676
0.0488635
0.0473275
0.0458903
0.0445754
0.0434004
0.042377
0.0415114
0.0408032
0.0402449
0.0398222
0.0395159
0.0393043
0.0391658
0.0390801
0.0390291
0.0389971
0.0389707
0.0389388
0.038893
0.0388274
0.0387397
0.0386304
0.0385031
0.0383636
0.0382196
0.0380794
0.0379516
0.0378447
0.0377662
0.0377225
0.0377186
0.0377578
0.0378419
0.0379705
0.0381417
0.0383517
0.0385952
0.0388657
0.0391555
0.0394567
0.039761
0.0400603
0.0403475
0.0406159
0.0408605
0.0410773
0.041264
0.0414197
0.041545
0.0416421
0.0417143
0.041766
0.0418024
0.0418291
0.0418517
0.0418755
0.0419052
0.0419443
0.0419952
0.042059
0.0421353
0.0422224
0.0423175
0.0424171
0.042517
0.0426128
0.0427004
0.0427761
0.042837
0.042881
0.0429073
0.042916
0.0429083
0.0428864
0.0428533
0.0428123
0.0427673
0.042722
0.0426798
0.0426438
0.0426164
0.0425991
0.0425928
0.0425974
0.0426121
0.0426357
0.0426664
0.042702
0.0427404
0.0427794
0.0428172
0.0428522
0.0428831
0.0429092
0.04293
0.0429457
0.0429564
0.0429628
0.0429654
0.0429651
0.0429625
0.0429583
0.0429528
0.0429463
0.0429389
0.0429304
0.0429206
0.0429089
0.0428949
0.0428781
0.0428579
0.042834
0.042806
0.0427737
0.0427372
0.0426966
0.0426523
0.0426048
0.0425546
0.0425025
0.0424491
0.0423952
0.0423416
0.042289
0.0422381
0.0421896
0.0421439
0.0421017
0.0420634
0.0420293
0.0420001
0.0419759
0.0419571
0.0419442
0.0419373
0.0419368
0.0419428
0.0419555
0.041975
0.0420013
0.0420343
0.0420737
0.0421193
0.0421706
0.0422272
0.0422884
0.0423536
0.0424222
0.0424934
0.0425665
0.0426408
0.0427155
0.0427899
0.0428635
0.0429356
0.0430056
0.0430729
0.0431371
0.0431976
0.043254
0.0433058
0.0433527
0.0433942
0.0434301
0.0434601
0.0434838
0.0435012
0.0435122
0.0435167
0.0435149
0.0435068
0.0434927
0.0434729
0.043448
0.0434182
0.0433843
0.0433467
0.0433062
0.0432634
0.043219
0.0431736
0.043128
0.0430827
0.0430384
0.0429956
0.0429547
0.0429163
0.0428808
0.0428483
0.0428194
0.042794
0.0427725
0.0427548
0.0427411
0.0427313
0.0427253
0.0427231
0.0427243
0.0427287
0.0427361
0.0427461
0.0427582
0.042772
0.042787
0.0428026
0.0428184
0.0428337
0.042848
0.0428608
0.0428715
0.0428797
0.0428849
0.0428867
0.0428847
0.0428788
0.0428687
0.0428544
0.0428356
0.0428125
0.0427851
0.0427536
0.0427183
0.0426793
0.0426372
0.0425922
0.0425448
0.0424955
0.0424449
0.0423936
0.0423421
0.042291
0.042241
0.0421927
0.0421468
0.0421037
0.0420642
0.0420288
0.0419979
0.0419719
0.0419514
0.0419365
0.0419276
0.0419247
0.0419281
0.0419376
0.0419532
0.0419747
0.042002
0.0420346
0.0420723
0.0421147
0.0421612
0.0422113
0.0422646
0.0423203
0.0423779
0.0424369
0.0424965
0.0425562
0.0426154
0.0426735
0.0427299
0.0427842
0.0428357
0.0428841
0.042929
0.04297
0.0430068
0.0430392
0.043067
0.0430899
0.0431081
0.0431214
0.04313
0.0431338
0.0431332
0.0431282
0.0431191
0.0431063
0.04309
0.0430707
0.0430486
0.0430243
0.0429981
0.0429704
0.0429417
0.0429124
0.0428829
0.0428536
0.0428248
0.042797
0.0427705
0.0427454
0.0427222
0.0427009
0.0426818
0.042665
0.0426506
0.0426386
0.0426291
0.0426219
0.0426169
0.0426142
0.0426134
0.0426144
0.0426169
0.0426208
0.0426257
0.0426313
0.0426373
0.0426434
0.0426494
0.0426548
0.0426594
0.0426629
0.042665
0.0426655
0.0426641
0.0426607
0.0426551
0.0426472
0.0426369
0.042624
0.0426087
0.0425909
0.0425708
0.0425483
0.0425236
0.042497
0.0424686
0.0424387
0.0424075
0.0423754
0.0423426
0.0423095
0.0422765
0.0422439
0.0422121
0.0421815
0.0421523
0.042125
0.0420999
0.0420772
0.0420574
0.0420406
0.042027
0.0420169
0.0420105
0.0420077
0.0420087
0.0420136
0.0420223
0.0420347
0.0420507
0.0420703
0.0420931
0.0421191
0.0421479
0.0421793
0.042213
0.0422485
0.0422857
0.0423241
0.0423633
0.0424031
0.0424429
0.0424825
0.0425214
0.0425594
0.0425961
0.0426311
0.0426643
0.0426953
0.0427239
0.0427499
0.0427732
0.0427937
0.0428111
0.0428256
0.042837
0.0428453
0.0428507
0.0428532
0.0428529
0.0428499
0.0428444
0.0428366
0.0428268
0.042815
0.0428016
0.0427869
0.042771
0.0427543
0.0427369
0.0427192
0.0427014
0.0426837
0.0426663
0.0426495
0.0426334
0.0426183
0.0426041
0.0425911
0.0425794
0.0425689
0.0425597
0.0425519
0.0425454
0.0425401
0.042536
0.0425329
0.0425309
0.0425296
0.0425291
0.0425291
0.0425294
0.0425298
0.0425303
0.0425305
0.0425304
0.0425297
0.0425283
0.042526
0.0425227
0.0425182
0.0425125
0.0425054
0.042497
0.0424871
0.0424758
0.042463
0.0424487
0.0424332
0.0424163
0.0423983
0.0423792
0.0423593
0.0423385
0.0423173
0.0422956
0.0422739
0.0422521
0.0422307
0.0422098
0.0421895
0.0421703
0.0421522
0.0421355
0.0421204
0.042107
0.0420955
0.0420861
0.042079
0.0420741
0.0420716
0.0420715
0.0420739
0.0420788
0.0420861
0.0420958
0.0421079
0.0421221
0.0421385
0.0421569
0.042177
0.0421987
0.0422219
0.0422463
0.0422717
0.0422979
0.0423246
0.0423516
0.0423787
0.0424056
0.0424321
0.042458
0.0424832
0.0425073
0.0425302
0.0425518
0.0425719
0.0425905
0.0426072
0.0426222
0.0426354
0.0426466
0.0426559
0.0426633
0.0426688
0.0426724
0.0426743
0.0426744
0.0426729
0.0426698
0.0426654
0.0426597
0.0426529
0.042645
0.0426364
0.042627
0.0426172
0.0426069
0.0425964
0.0425857
0.0425751
0.0425647
0.0425545
0.0425446
0.0425352
0.0425263
0.0425179
0.0425101
0.042503
0.0424965
0.0424906
0.0424853
0.0424806
0.0424765
0.0424727
0.0424694
0.0424664
0.0424636
0.042461
0.0424584
0.0424557
0.0424529
0.0424498
0.0424464
0.0424426
0.0424383
0.0424334
0.0424278
0.0424215
0.0424145
0.0424067
0.0423981
0.0423887
0.0423786
0.0423677
0.0423561
0.0423438
0.0423309
0.0423176
0.0423038
0.0422897
0.0422754
0.042261
0.0422467
0.0422326
0.0422187
0.0422053
0.0421926
0.0421805
0.0421693
0.042159
0.0421499
0.0421419
0.0421353
0.0421301
0.0421263
0.042124
0.0421234
0.0421243
0.0421268
0.042131
0.0421367
0.042144
0.0421529
0.0421631
0.0421748
0.0421877
0.0422018
0.042217
0.0422331
0.0422499
0.0422675
0.0422856
0.042304
0.0423227
0.0423414
0.04236
0.0423785
0.0423965
0.0424141
0.0424311
0.0424473
0.0424627
0.0424772
0.0424906
0.042503
0.0425142
0.0425242
0.042533
0.0425406
0.0425469
0.042552
0.0425558
0.0425585
0.0425601
0.0425605
0.0425599
0.0425584
0.0425559
0.0425527
0.0425487
0.0425441
0.042539
0.0425334
0.0425274
0.0425212
0.0425147
0.0425082
0.0425015
0.042495
0.0424885
0.0424821
0.0424759
0.0424699
0.0424642
0.0424587
0.0424535
0.0424485
0.0424438
0.0424394
0.0424351
0.0424311
0.0424272
0.0424235
0.0424198
0.0424161
0.0424124
0.0424086
0.0424047
0.0424006
0.0423963
0.0423918
0.0423869
0.0423816
0.042376
0.04237
0.0423636
0.0423568
0.0423495
0.0423418
0.0423337
0.0423252
0.0423164
0.0423072
0.0422978
0.0422882
0.0422784
0.0422686
0.0422587
0.042249
0.0422393
0.0422299
0.0422208
0.0422121
0.0422039
0.0421962
0.0421892
0.0421829
0.0421773
0.0421726
0.0421689
0.0421661
0.0421642
0.0421634
0.0421637
0.0421651
0.0421675
0.042171
0.0421755
0.0421811
0.0421877
0.0421952
0.0422036
0.0422129
0.0422229
0.0422337
0.0422451
0.0422569
0.0422693
0.042282
0.0422949
0.042308
0.0423212
0.0423344
0.0423474
0.0423602
0.0423727
0.0423848
0.0423965
0.0424076
0.0424182
0.0424281
0.0424373
0.0424457
0.0424534
0.0424603
0.0424664
0.0424717
0.0424762
0.0424798
0.0424827
0.0424847
0.042486
0.0424867
0.0424866
0.0424859
0.0424846
0.0424827
0.0424804
0.0424777
0.0424745
0.0424711
0.0424673
0.0424634
0.0424592
0.0424549
0.0424506
0.0424461
0.0424417
0.0424372
0.0424328
0.0424285
0.0424242
0.04242
0.0424159
0.0424118
0.0424079
0.042404
0.0424001
0.0423963
0.0423925
0.0423887
0.0423849
0.042381
0.0423771
0.042373
0.0423689
0.0423646
0.0423601
0.0423554
0.0423506
0.0423455
0.0423402
0.0423347
0.042329
0.042323
0.0423169
0.0423105
0.042304
0.0422973
0.0422905
0.0422836
0.0422766
0.0422696
0.0422627
0.0422558
0.0422491
0.0422425
0.0422361
0.0422301
0.0422243
0.042219
0.0422141
0.0422096
0.0422057
0.0422023
0.0421996
0.0421975
0.042196
0.0421953
0.0421952
0.0421959
0.0421973
0.0421994
0.0422023
0.0422058
0.0422101
0.042215
0.0422205
0.0422267
0.0422334
0.0422407
0.0422484
0.0422565
0.042265
0.0422738
0.0422828
0.042292
0.0423014
0.0423107
0.0423201
0.0423294
0.0423386
0.0423476
0.0423564
0.0423648
0.042373
0.0423807
0.0423881
0.042395
0.0424014
0.0424073
0.0424127
0.0424175
0.0424218
0.0424256
0.0424288
0.0424314
0.0424336
0.0424352
0.0424363
0.0424369
0.0424371
0.0424368
0.0424362
0.0424351
0.0424338
0.0424321
0.0424301
0.0424279
0.0424254
0.0424228
0.04242
0.0424171
0.0424141
0.0424109
0.0424077
0.0424045
0.0424012
0.0423979
0.0423945
0.0423912
0.0423878
0.0423844
0.042381
0.0423776
0.0423742
0.0423708
0.0423673
0.0423637
0.0423601
0.0423564
0.0423527
0.0423489
0.0423449
0.0423409
0.0423368
0.0423325
0.0423281
0.0423237
0.0423191
0.0423143
0.0423095
0.0423046
0.0422996
0.0422946
0.0422895
0.0422844
0.0422792
0.0422741
0.0422691
0.0422641
0.0422592
0.0422545
0.0422499
0.0422456
0.0422414
0.0422376
0.0422341
0.0422308
0.042228
0.0422255
0.0422235
0.0422219
0.0422207
0.04222
0.0422198
0.0422201
0.0422209
0.0422222
0.042224
0.0422263
0.0422291
0.0422323
0.0422361
0.0422402
0.0422448
0.0422497
0.042255
0.0422606
0.0422665
0.0422726
0.042279
0.0422855
0.0422922
0.0422989
0.0423057
0.0423125
0.0423193
0.0423259
0.0423325
0.0423389
0.0423452
0.0423512
0.0423569
0.0423624
0.0423676
0.0423725
0.0423771
0.0423813
0.0423851
0.0423886
0.0423916
0.0423944
0.0423967
0.0423987
0.0424002
0.0424015
0.0424024
0.0424029
0.0424032
0.0424031
0.0424028
0.0424021
0.0424013
0.0424001
0.0423988
0.0423973
0.0423956
0.0423938
0.0423918
0.0423896
0.0423874
0.042385
0.0423826
0.0423801
0.0423775
0.0423749
0.0423722
0.0423694
0.0423666
0.0423638
0.0423609
0.0423579
0.0423549
0.0423519
0.0423488
0.0423456
0.0423424
0.0423391
0.0423358
0.0423324
0.042329
0.0423254
0.0423219
0.0423182
0.0423145
0.0423108
0.0423069
0.0423031
0.0422992
0.0422953
0.0422914
0.0422875
0.0422837
0.0422798
0.0422761
0.0422724
0.0422688
0.0422653
0.0422619
0.0422587
0.0422557
0.0422528
0.0422502
0.0422478
0.0422457
0.0422439
0.0422423
0.0422411
0.0422401
0.0422395
0.0422393
0.0422393
0.0422398
0.0422406
0.0422417
0.0422432
0.042245
0.0422472
0.0422497
0.0422525
0.0422556
0.042259
0.0422627
0.0422666
0.0422707
0.0422751
0.0422796
0.0422842
0.042289
0.0422938
0.0422988
0.0423037
0.0423087
0.0423136
0.0423185
0.0423234
0.0423281
0.0423327
0.0423372
0.0423415
0.0423457
0.0423496
0.0423533
0.0423568
0.0423601
0.0423631
0.0423659
0.0423683
0.0423706
0.0423725
0.0423742
0.0423757
0.0423769
0.0423778
0.0423785
0.0423789
0.0423791
0.0423791
0.0423789
0.0423785
0.0423779
0.0423771
0.0423761
0.042375
0.0423738
0.0423724
0.0423709
0.0423693
0.0423675
0.0423657
0.0423638
0.0423618
0.0423597
0.0423575
0.0423553
0.0423531
0.0423507
0.0423483
0.0423459
0.0423434
0.0423408
0.0423382
0.0423356
0.0423329
0.0423301
0.0423273
0.0423245
0.0423216
0.0423187
0.0423158
0.0423128
0.0423098
0.0423068
0.0423037
0.0423007
0.0422977
0.0422946
0.0422916
0.0422886
0.0422857
0.0422828
0.04228
0.0422773
0.0422746
0.0422721
0.0422696
0.0422674
0.0422652
0.0422632
0.0422614
0.0422598
0.0422584
0.0422571
0.0422561
0.0422554
0.0422548
0.0422545
0.0422545
0.0422547
0.0422551
0.0422558
0.0422568
0.042258
0.0422594
0.0422611
0.042263
0.0422652
0.0422675
0.0422701
0.0422728
0.0422757
0.0422788
0.042282
0.0422853
0.0422888
0.0422923
0.0422959
0.0422995
0.0423032
0.0423069
0.0423105
0.0423142
0.0423178
0.0423213
0.0423248
0.0423282
0.0423314
0.0423345
0.0423375
0.0423404
0.0423431
0.0423456
0.042348
0.0423502
0.0423522
0.042354
0.0423556
0.042357
0.0423583
0.0423593
0.0423602
0.0423609
0.0423614
0.0423617
0.0423619
0.0423618
0.0423617
0.0423614
0.0423609
0.0423603
0.0423595
0.0423587
0.0423577
0.0423566
0.0423554
0.0423541
0.0423527
0.0423512
0.0423497
0.042348
0.0423463
0.0423446
0.0423427
0.0423408
0.0423389
0.0423369
0.0423348
0.0423327
0.0423306
0.0423284
0.0423262
0.0423239
0.0423216
0.0423193
0.042317
0.0423146
0.0423122
0.0423098
0.0423074
0.042305
0.0423026
0.0423002
0.0422978
0.0422955
0.0422932
0.0422909
0.0422887
0.0422865
0.0422844
0.0422823
0.0422804
0.0422785
0.0422767
0.0422751
0.0422735
0.0422721
0.0422709
0.0422697
0.0422688
0.0422679
0.0422673
0.0422668
0.0422665
0.0422664
0.0422664
0.0422667
0.0422671
0.0422677
0.0422685
0.0422695
0.0422706
0.0422719
0.0422734
0.042275
0.0422768
0.0422788
0.0422808
0.042283
0.0422853
0.0422877
0.0422902
0.0422928
0.0422954
0.0422981
0.0423008
0.0423035
0.0423063
0.042309
0.0423117
0.0423144
0.0423171
0.0423197
0.0423222
0.0423247
0.0423271
0.0423293
0.0423315
0.0423336
0.0423356
0.0423374
0.0423391
0.0423407
0.0423422
0.0423435
0.0423446
0.0423457
0.0423466
0.0423473
0.0423479
0.0423484
0.0423488
0.042349
0.042349
0.042349
0.0423488
0.0423486
0.0423482
0.0423477
0.0423471
0.0423464
0.0423456
0.0423447
0.0423437
0.0423426
0.0423415
0.0423403
0.042339
0.0423377
0.0423363
0.0423348
0.0423333
0.0423318
0.0423301
0.0423285
0.0423268
0.0423251
0.0423233
0.0423215
0.0423197
0.0423178
0.042316
0.0423141
0.0423122
0.0423103
0.0423084
0.0423065
0.0423046
0.0423027
0.0423008
0.042299
0.0422971
0.0422953
0.0422936
0.0422919
0.0422902
0.0422886
0.0422871
0.0422856
0.0422842
0.0422829
0.0422817
0.0422806
0.0422796
0.0422787
0.0422779
0.0422772
0.0422767
0.0422762
0.0422759
0.0422758
0.0422757
0.0422758
0.0422761
0.0422764
0.0422769
0.0422776
0.0422783
0.0422792
0.0422802
0.0422814
0.0422826
0.042284
0.0422855
0.042287
0.0422887
0.0422904
0.0422922
0.0422941
0.042296
0.042298
0.0423
0.042302
0.0423041
0.0423062
0.0423082
0.0423103
0.0423123
0.0423143
0.0423163
0.0423182
0.0423201
0.0423219
0.0423237
0.0423254
0.042327
0.0423285
0.0423299
0.0423313
0.0423325
0.0423336
0.0423347
0.0423356
0.0423365
0.0423372
0.0423379
0.0423384
0.0423388
0.0423391
0.0423394
0.0423395
0.0423395
0.0423394
0.0423393
0.042339
0.0423387
0.0423382
0.0423377
0.0423371
0.0423365
0.0423357
0.0423349
0.042334
0.0423331
0.0423321
0.042331
0.0423299
0.0423288
0.0423276
0.0423263
0.0423251
0.0423237
0.0423224
0.042321
0.0423196
0.0423181
0.0423167
0.0423152
0.0423137
0.0423122
0.0423107
0.0423092
0.0423077
0.0423062
0.0423047
0.0423032
0.0423018
0.0423003
0.0422989
0.0422975
0.0422962
0.0422949
0.0422936
0.0422924
0.0422912
0.0422901
0.0422891
0.0422881
0.0422872
0.0422864
0.0422857
0.042285
0.0422845
0.042284
0.0422836
0.0422833
0.0422831
0.042283
0.042283
0.0422832
0.0422834
0.0422837
0.0422841
0.0422846
0.0422852
0.0422859
0.0422867
0.0422876
0.0422885
0.0422896
0.0422907
0.0422919
0.0422932
0.0422945
0.0422958
0.0422972
0.0422987
0.0423002
0.0423017
0.0423032
0.0423048
0.0423064
0.0423079
0.0423095
0.042311
0.0423125
0.042314
0.0423155
0.0423169
0.0423183
0.0423197
0.042321
0.0423222
0.0423234
0.0423245
0.0423256
0.0423265
0.0423274
0.0423283
0.042329
0.0423297
0.0423303
0.0423308
0.0423313
0.0423316
0.0423319
0.0423321
0.0423322
0.0423323
0.0423322
0.0423321
0.042332
0.0423317
0.0423314
0.042331
0.0423306
0.0423301
0.0423295
0.0423289
0.0423282
0.0423275
0.0423267
0.0423259
0.042325
0.0423241
0.0423232
0.0423222
0.0423212
0.0423202
0.0423191
0.042318
0.0423169
0.0423157
0.0423146
0.0423134
0.0423122
0.042311
0.0423098
0.0423087
0.0423075
0.0423063
0.0423051
0.042304
0.0423028
0.0423017
0.0423006
0.0422995
0.0422985
0.0422975
0.0422965
0.0422956
0.0422947
0.0422939
0.0422931
0.0422924
0.0422917
0.0422911
0.0422906
0.0422901
0.0422897
0.0422894
0.0422891
0.0422889
0.0422888
0.0422887
0.0422888
0.0422889
0.0422891
0.0422893
0.0422896
0.04229
0.0422905
0.0422911
0.0422917
0.0422924
0.0422931
0.0422939
0.0422948
0.0422957
0.0422966
0.0422976
0.0422987
0.0422997
0.0423008
0.042302
0.0423031
0.0423043
0.0423055
0.0423067
0.0423078
0.042309
0.0423102
0.0423114
0.0423125
0.0423136
0.0423147
0.0423158
0.0423168
0.0423178
0.0423188
0.0423197
0.0423206
0.0423214
0.0423221
0.0423228
0.0423235
0.0423241
0.0423246
0.0423251
0.0423255
0.0423259
0.0423262
0.0423264
0.0423266
0.0423267
0.0423268
0.0423268
0.0423267
0.0423266
0.0423264
0.0423262
0.0423259
0.0423256
0.0423252
0.0423248
0.0423243
0.0423238
0.0423232
0.0423226
0.042322
0.0423213
0.0423206
0.0423198
0.0423191
0.0423183
0.0423174
0.0423166
0.0423157
0.0423148
0.0423139
0.042313
0.0423121
0.0423112
0.0423103
0.0423093
0.0423084
0.0423075
0.0423065
0.0423056
0.0423047
0.0423038
0.042303
0.0423021
0.0423013
0.0423005
0.0422997
0.042299
0.0422983
0.0422976
0.042297
0.0422964
0.0422958
0.0422953
0.0422949
0.0422945
0.0422941
0.0422938
0.0422936
0.0422934
0.0422933
0.0422932
0.0422932
0.0422932
0.0422933
0.0422935
0.0422937
0.0422939
0.0422943
0.0422946
0.0422951
0.0422955
0.0422961
0.0422966
0.0422972
0.0422979
0.0422986
0.0422993
0.0423001
0.0423009
0.0423017
0.0423025
0.0423034
0.0423043
0.0423052
0.0423061
0.042307
0.0423079
0.0423088
0.0423097
0.0423106
0.0423115
0.0423123
0.0423132
0.042314
0.0423148
0.0423155
0.0423163
0.042317
0.0423176
0.0423183
0.0423189
0.0423194
0.0423199
0.0423204
0.0423208
0.0423212
0.0423216
0.0423218
0.0423221
0.0423223
0.0423224
0.0423225
0.0423226
0.0423226
0.0423226
0.0423225
0.0423223
0.0423222
0.042322
0.0423217
0.0423214
0.0423211
0.0423207
0.0423203
0.0423199
0.0423194
0.0423189
0.0423184
0.0423178
0.0423172
0.0423166
0.042316
0.0423154
0.0423147
0.042314
0.0423133
0.0423126
0.0423119
0.0423112
0.0423105
0.0423097
0.042309
0.0423083
0.0423076
0.0423068
0.0423061
0.0423054
0.0423047
0.0423041
0.0423034
0.0423028
0.0423022
0.0423016
0.042301
0.0423005
0.0422999
0.0422995
0.042299
0.0422986
0.0422982
0.0422979
0.0422976
0.0422973
0.0422971
0.0422969
0.0422968
0.0422967
0.0422967
0.0422966
0.0422967
0.0422968
0.0422969
0.0422971
0.0422973
0.0422975
0.0422978
0.0422981
0.0422985
0.0422989
0.0422994
0.0422998
0.0423003
0.0423009
0.0423014
0.042302
0.0423026
0.0423032
0.0423039
0.0423045
0.0423052
0.0423059
0.0423066
0.0423073
0.042308
0.0423087
0.0423093
0.04231
0.0423107
0.0423114
0.042312
0.0423126
0.0423133
0.0423138
0.0423144
0.042315
0.0423155
0.042316
0.0423164
0.0423169
0.0423173
0.0423176
0.042318
0.0423183
0.0423185
0.0423188
0.042319
0.0423191
0.0423192
0.0423193
0.0423194
0.0423194
0.0423194
0.0423193
0.0423192
0.0423191
0.0423189
0.0423187
0.0423185
0.0423183
0.042318
0.0423177
0.0423173
0.042317
0.0423166
0.0423162
0.0423157
0.0423153
0.0423148
0.0423143
0.0423138
0.0423133
0.0423127
0.0423122
0.0423117
0.0423111
0.0423105
0.04231
0.0423094
0.0423088
0.0423083
0.0423077
0.0423071
0.0423066
0.042306
0.0423055
0.042305
0.0423045
0.042304
0.0423035
0.042303
0.0423026
0.0423022
0.0423018
0.0423014
0.0423011
0.0423008
0.0423005
0.0423002
0.0423
0.0422998
0.0422997
0.0422995
0.0422994
0.0422994
0.0422993
0.0422993
0.0422994
0.0422994
0.0422995
0.0422997
0.0422998
0.0423
0.0423003
0.0423005
0.0423008
0.0423011
0.0423015
0.0423018
0.0423022
0.0423026
0.0423031
0.0423035
0.042304
0.0423044
0.0423049
0.0423054
0.042306
0.0423065
0.042307
0.0423075
0.0423081
0.0423086
0.0423091
0.0423097
0.0423102
0.0423107
0.0423112
0.0423117
0.0423121
0.0423126
0.042313
0.0423135
0.0423139
0.0423142
0.0423146
0.0423149
0.0423152
0.0423155
0.0423158
0.042316
0.0423162
0.0423164
0.0423166
0.0423167
0.0423168
0.0423169
0.0423169
0.0423169
0.0423169
0.0423169
0.0423168
0.0423167
0.0423166
0.0423164
0.0423163
0.0423161
0.0423158
0.0423156
0.0423153
0.042315
0.0423147
0.0423144
0.0423141
0.0423137
0.0423134
0.042313
0.0423126
0.0423122
0.0423118
0.0423114
0.0423109
0.0423105
0.04231
0.0423096
0.0423092
0.0423087
0.0423083
0.0423078
0.0423074
0.042307
0.0423066
0.0423061
0.0423057
0.0423053
0.042305
0.0423046
0.0423042
0.0423039
0.0423036
0.0423033
0.042303
0.0423028
0.0423025
0.0423023
0.0423021
0.0423019
0.0423018
0.0423017
0.0423016
0.0423015
0.0423014
0.0423014
0.0423014
0.0423015
0.0423015
0.0423016
0.0423017
0.0423018
0.042302
0.0423022
0.0423024
0.0423026
0.0423028
0.0423031
0.0423034
0.0423037
0.042304
0.0423043
0.0423047
0.042305
0.0423054
0.0423058
0.0423062
0.0423065
0.0423069
0.0423074
0.0423078
0.0423082
0.0423086
0.042309
0.0423094
0.0423098
0.0423102
0.0423106
0.0423109
0.0423113
0.0423116
0.042312
0.0423123
0.0423126
0.0423129
0.0423132
0.0423135
0.0423137
0.0423139
0.0423141
0.0423143
0.0423145
0.0423146
0.0423147
0.0423148
0.0423149
0.042315
0.042315
0.042315
0.042315
0.042315
0.0423149
0.0423149
0.0423148
0.0423146
0.0423145
0.0423144
0.0423142
0.042314
0.0423138
0.0423136
0.0423133
0.0423131
0.0423128
0.0423126
0.0423123
0.042312
0.0423117
0.0423114
0.042311
0.0423107
0.0423104
0.04231
0.0423097
0.0423093
0.042309
0.0423087
0.0423083
0.042308
0.0423076
0.0423073
0.042307
0.0423067
0.0423063
0.042306
0.0423057
0.0423055
0.0423052
0.0423049
0.0423047
0.0423045
0.0423042
0.042304
0.0423039
0.0423037
0.0423035
0.0423034
0.0423033
0.0423032
0.0423031
0.0423031
0.042303
0.042303
0.042303
0.0423031
0.0423031
0.0423032
0.0423033
0.0423034
0.0423035
0.0423036
0.0423038
0.0423039
0.0423041
0.0423043
0.0423046
0.0423048
0.042305
0.0423053
0.0423056
0.0423058
0.0423061
0.0423064
0.0423067
0.042307
0.0423073
0.0423076
0.0423079
0.0423083
0.0423086
0.0423089
0.0423092
0.0423095
0.0423098
0.0423101
0.0423104
0.0423107
0.0423109
0.0423112
0.0423114
0.0423117
0.0423119
0.0423121
0.0423123
0.0423125
0.0423127
0.0423129
0.042313
0.0423131
0.0423132
0.0423133
0.0423134
0.0423135
0.0423135
0.0423135
0.0423136
0.0423135
0.0423135
0.0423135
0.0423134
0.0423134
0.0423133
0.0423132
0.0423131
0.0423129
0.0423128
0.0423126
0.0423124
0.0423123
0.0423121
0.0423119
0.0423117
0.0423114
0.0423112
0.042311
0.0423107
0.0423105
0.0423102
0.04231
0.0423097
0.0423094
0.0423092
0.0423089
0.0423086
0.0423084
0.0423081
0.0423078
0.0423076
0.0423073
0.0423071
0.0423068
0.0423066
0.0423064
0.0423062
0.0423059
0.0423057
0.0423055
0.0423053
0.0423051
0.042305
0.0423048
0.0423047
0.0423046
0.0423045
0.0423043
0.0422983
0.0422696
0.0422229
0.0421599
0.042084
0.0419988
0.0419076
0.0418129
0.0417169
0.0416211
0.0415263
0.041433
0.0413413
0.0412512
0.0411623
0.0410742
0.0409868
0.0408999
0.0408133
0.0407273
0.0406418
0.0405568
0.0404724
0.0403883
0.0403044
0.0402204
0.0401361
0.0400514
0.039966
0.0398801
0.0397936
0.0397066
0.0396193
0.0395317
0.0394441
0.0393565
0.0392689
0.0391814
0.0390939
0.0390063
0.0389185
0.0388304
0.0387417
0.0386523
0.0385622
0.0384712
0.0383792
0.0382863
0.0381925
0.0380978
0.0380024
0.0379063
0.0378097
0.0377127
0.0376155
0.0375183
0.037421
0.037324
0.0372271
0.0371305
0.0370343
0.0369384
0.0368429
0.0367477
0.0366529
0.0365585
0.0364644
0.0363706
0.0362772
0.036184
0.0360912
0.0359986
0.0359064
0.0358144
0.0357227
0.0356313
0.0355402
0.0354494
0.0353588
0.0352685
0.0351784
0.0350885
0.0349989
0.0349095
0.0348202
0.0347312
0.0346422
0.0345535
0.0344648
0.0343763
0.034288
0.0341997
0.0341116
0.0340236
0.0339357
0.033848
0.0337604
0.033673
0.0335857
0.0334985
0.0334116
0.0333248
0.0332382
0.0331518
0.0330655
0.0329795
0.0328937
0.0328081
0.0327227
0.0326376
0.0325527
0.032468
0.0323835
0.0322994
0.0322154
0.0321318
0.0320484
0.0319653
0.0318825
0.0317999
0.0317177
0.0316358
0.0315541
0.0314728
0.0313918
0.0313111
0.0312307
0.0311506
0.0310708
0.0309913
0.0309121
0.0308332
0.0307545
0.0306762
0.030598
0.0305202
0.0304425
0.0303651
0.0302879
0.0302109
0.030134
0.0300574
0.0299808
0.0299044
0.0298282
0.0297521
0.0296761
0.0296002
0.0295244
0.0294487
0.0293731
0.0292976
0.0292221
0.0291468
0.0290716
0.0289964
0.0289214
0.0288465
0.0287716
0.0286969
0.0286223
0.0285478
0.0284734
0.0283992
0.0283251
0.0282511
0.0281773
0.0281036
0.0280302
0.0279568
0.0278837
0.0278108
0.027738
0.0276655
0.0275931
0.027521
0.027449
0.0273773
0.0273057
0.0272344
0.0271633
0.0270924
0.0270217
0.0269512
0.0268809
0.0268107
0.0267408
0.026671
0.0266014
0.026532
0.0264628
0.0263937
0.0263247
0.026256
0.0261874
0.0261189
0.0260506
0.0259825
0.0259145
0.0258467
0.025779
0.0257115
0.0256442
0.025577
0.02551
0.0254432
0.0253766
0.0253102
0.0252439
0.0251779
0.0251121
0.0250465
0.0249811
0.0249159
0.024851
0.0247862
0.0247218
0.0246575
0.0245935
0.0245297
0.0244662
0.0244029
0.0243398
0.024277
0.0242144
0.024152
0.0240899
0.0240279
0.0239662
0.0239047
0.0238434
0.0237822
0.0237213
0.0236605
0.0236
0.0235396
0.0234793
0.0234192
0.0233593
0.0232995
0.0232399
0.0231804
0.023121
0.0230618
0.0230027
0.0229438
0.022885
0.0228263
0.0227677
0.0227093
0.0226509
0.0225927
0.0225347
0.0224767
0.0224189
0.0223612
0.0223036
0.0222461
0.0221887
0.0221315
0.0220744
0.0220174
0.0219605
0.0219038
0.0218471
0.0217906
0.0217342
0.0216779
0.0216217
0.0215657
0.0215097
0.0214539
0.0213982
0.0213426
0.0212871
0.0212317
0.0211764
0.0211212
0.0210662
0.0210113
0.0209564
0.0209017
0.0208471
0.0207927
0.0207383
0.0206841
0.02063
0.020576
0.0205221
0.0204684
0.0204148
0.0203613
0.0203079
0.0202547
0.0202016
0.0201486
0.0200958
0.0200431
0.0199906
0.0199381
0.0198859
0.0198337
0.0197818
0.0197299
0.0196782
0.0196267
0.0195753
0.0195241
0.019473
0.019422
0.0193712
0.0193206
0.0192701
0.0192198
0.0191696
0.0191196
0.0190698
0.0190201
0.0189705
0.0189211
0.0188719
0.0188229
0.018774
0.0187252
0.0186767
0.0186282
0.01858
0.0185319
0.018484
0.0184362
0.0183886
0.0183411
0.0182938
0.0182467
0.0181997
0.0181528
0.0181061
0.0180596
0.0180132
0.017967
0.0179208
0.0178749
0.017829
0.0177833
0.0177378
0.0176923
0.017647
0.0176018
0.0175568
0.0175118
0.017467
0.0174222
0.0173776
0.0173331
0.0172887
0.0172444
0.0172002
0.017156
0.017112
0.0170681
0.0170242
0.0169805
0.0169368
0.0168933
0.0168498
0.0168064
0.016763
0.0167198
0.0166767
0.0166336
0.0165906
0.0165477
0.0165049
0.0164621
0.0164195
0.0163769
0.0163345
0.0162921
0.0162497
0.0162075
0.0161654
0.0161233
0.0160814
0.0160395
0.0159977
0.015956
0.0159144
0.0158729
0.0158314
0.0157901
0.0157488
0.0157077
0.0156666
0.0156256
0.0155847
0.0155439
0.0155032
0.0154626
0.0154221
0.0153817
0.0153414
0.0153012
0.015261
0.015221
0.0151811
0.0151413
0.0151016
0.015062
0.0150225
0.0149831
0.0149438
0.0149046
0.0148655
0.0148266
0.0147877
0.014749
0.0147104
0.0146719
0.0146335
0.0145953
0.0145571
0.0145191
0.0144812
0.0144435
0.0144058
0.0143683
0.0143309
0.0142936
0.0142565
0.0142194
0.0141825
0.0141458
0.0141091
0.0140726
0.0140362
0.0139999
0.0139637
0.0139277
0.0138917
0.0138559
0.0138202
0.0137847
0.0137492
0.0137139
0.0136786
0.0136435
0.0136085
0.0135736
0.0135388
0.013504
0.0134694
0.0134349
0.0134005
0.0133662
0.013332
0.0132978
0.0132638
0.0132298
0.0131959
0.0131621
0.0131284
0.0130948
0.0130612
0.0130277
0.0129943
0.012961
0.0129277
0.0128945
0.0128614
0.0128283
0.0127953
0.0127624
0.0127296
0.0126968
0.012664
0.0126313
0.0125987
0.0125662
0.0125337
0.0125013
0.0124689
0.0124366
0.0124044
0.0123722
0.0123401
0.012308
0.012276
0.0122441
0.0122123
0.0121805
0.0121487
0.0121171
0.0120855
0.0120539
0.0120224
0.011991
0.0119597
0.0119284
0.0118973
0.0118661
0.0118351
0.0118041
0.0117732
0.0117423
0.0117116
0.0116809
0.0116503
0.0116197
0.0115893
0.0115589
0.0115285
0.0114983
0.0114682
0.0114381
0.0114081
0.0113782
0.0113483
0.0113186
0.0112889
0.0112593
0.0112298
0.0112004
0.0111711
0.0111418
0.0111127
0.0110836
0.0110547
0.0110258
0.010997
0.0109683
0.0109397
0.0109112
0.0108827
0.0108544
0.0108262
0.010798
0.01077
0.010742
0.0107142
0.0106864
0.0106587
0.0106312
0.0106037
0.0105763
0.010549
0.0105218
0.0104947
0.0104676
0.0104407
0.0104138
0.0103871
0.0103604
0.0103338
0.0103073
0.0102808
0.0102545
0.0102282
0.010202
0.0101758
0.0101498
0.0101238
0.0100979
0.010072
0.0100462
0.0100205
0.00999485
0.00996926
0.00994373
0.00991825
0.00989284
0.00986748
0.00984217
0.00981692
0.00979173
0.00976658
0.00974149
0.00971645
0.00969146
0.00966652
0.00964163
0.00961679
0.00959199
0.00956724
0.00954255
0.00951789
0.00949329
0.00946873
0.00944422
0.00941976
0.00939534
0.00937097
0.00934665
0.00932238
0.00929815
0.00927397
0.00924984
0.00922576
0.00920173
0.00917774
0.00915381
0.00912993
0.00910609
0.00908231
0.00905858
0.0090349
0.00901127
0.00898769
0.00896417
0.0089407
0.00891728
0.00889392
0.00887061
0.00884736
0.00882417
0.00880103
0.00877794
0.00875492
0.00873195
0.00870904
0.00868619
0.00866341
0.00864068
0.00861801
0.00859541
0.00857286
0.00855038
0.00852797
0.00850562
0.00848333
0.00846111
0.00843896
0.00841687
0.00839485
0.0083729
0.00835102
0.00832921
0.00830747
0.0082858
0.00826419
0.00824266
0.0082212
0.00819982
0.0081785
0.00815726
0.00813608
0.00811498
0.00809395
0.008073
0.00805211
0.00803129
0.00801055
0.00798987
0.00796927
0.00794873
0.00792826
0.00790786
0.00788753
0.00786726
0.00784705
0.00782691
0.00780683
0.00778681
0.00776685
0.00774695
0.00772711
0.00770733
0.0076876
0.00766792
0.0076483
0.00762873
0.0076092
0.00758973
0.00757031
0.00755093
0.0075316
0.00751231
0.00749307
0.00747386
0.00745471
0.00743559
0.00741651
0.00739747
0.00737847
0.00735951
0.00734058
0.00732169
0.00730284
0.00728403
0.00726525
0.0072465
0.00722779
0.00720912
0.00719048
0.00717188
0.00715331
0.00713478
0.00711629
0.00709782
0.0070794
0.00706101
0.00704265
0.00702434
0.00700605
0.00698781
0.0069696
0.00695143
0.0069333
0.0069152
0.00689715
0.00687913
0.00686115
0.00684321
0.0068253
0.00680744
0.00678962
0.00677184
0.0067541
0.0067364
0.00671874
0.00670113
0.00668356
0.00666603
0.00664854
0.0066311
0.0066137
0.00659634
0.00657903
0.00656177
0.00654455
0.00652738
0.00651026
0.00649318
0.00647616
0.00645918
0.00644225
0.00642537
0.00640853
0.00639175
0.00637502
0.00635835
0.00634172
0.00632515
0.00630863
0.00629216
0.00627574
0.00625938
0.00624308
0.00622682
0.00621062
0.00619448
0.00617839
0.00616236
0.00614638
0.00613045
0.00611458
0.00609876
0.006083
0.00606729
0.00605163
0.00603603
0.00602047
0.00600497
0.00598952
0.00597412
0.00595877
0.00594347
0.00592822
0.00591301
0.00589785
0.00588274
0.00586767
0.00585264
0.00583766
0.00582272
0.00580782
0.00579296
0.00577814
0.00576335
0.00574861
0.0057339
0.00571922
0.00570458
0.00568997
0.0056754
0.00566086
0.00564635
0.00563187
0.00561742
0.005603
0.00558861
0.00557425
0.00555992
0.00554561
0.00553133
0.00551708
0.00550286
0.00548866
0.0054745
0.00546035
0.00544624
0.00543215
0.00541808
0.00540405
0.00539004
0.00537606
0.0053621
0.00534817
0.00533427
0.0053204
0.00530655
0.00529273
0.00527894
0.00526518
0.00525144
0.00523773
0.00522406
0.00521041
0.00519679
0.0051832
0.00516964
0.00515611
0.00514261
0.00512914
0.0051157
0.00510229
0.00508892
0.00507557
0.00506226
0.00504898
0.00503573
0.00502252
0.00500934
0.00499619
0.00498308
0.00497
0.00495696
0.00494395
0.00493097
0.00491804
0.00490514
0.00489227
0.00487945
0.00486666
0.0048539
0.00484119
0.00482852
0.00481588
0.00480329
0.00479073
0.00477821
0.00476574
0.0047533
0.00474091
0.00472856
0.00471624
0.00470397
0.00469174
0.00467956
0.00466741
0.00465531
0.00464324
0.00463122
0.00461924
0.0046073
0.00459541
0.00458355
0.00457173
0.00455995
0.00454822
0.00453652
0.00452485
0.00451323
0.00450165
0.0044901
0.00447858
0.0044671
0.00445566
0.00444425
0.00443287
0.00442153
0.00441022
0.00439893
0.00438768
0.00437646
0.00436527
0.0043541
0.00434297
0.00433185
0.00432077
0.00430971
0.00429867
0.00428766
0.00427668
0.00426571
0.00425477
0.00424385
0.00423296
0.00422208
0.00421123
0.00420039
0.00418958
0.00417879
0.00416802
0.00415726
0.00414653
0.00413582
0.00412513
0.00411446
0.00410381
0.00409317
0.00408256
0.00407197
0.0040614
0.00405085
0.00404032
0.00402981
0.00401932
0.00400885
0.0039984
0.00398797
0.00397757
0.00396718
0.00395682
0.00394648
0.00393616
0.00392586
0.00391559
0.00390534
0.00389511
0.00388491
0.00387473
0.00386457
0.00385443
0.00384432
0.00383424
0.00382418
0.00381414
0.00380413
0.00379414
0.00378418
0.00377425
0.00376434
0.00375446
0.0037446
0.00373478
0.00372498
0.0037152
0.00370546
0.00369574
0.00368605
0.00367639
0.00366676
0.00365716
0.00364759
0.00363805
0.00362854
0.00361906
0.00360961
0.00360019
0.0035908
0.00358145
0.00357212
0.00356283
0.00355357
0.00354434
0.00353514
0.00352597
0.00351684
0.00350773
0.00349866
0.00348962
0.00348061
0.00347163
0.00346268
0.00345376
0.00344487
0.00343602
0.00342718
0.00341838
0.00340961
0.00340086
0.00339215
0.00338345
0.00337479
0.00336615
0.00335753
0.00334894
0.00334038
0.00333183
0.00332331
0.00331482
0.00330634
0.00329789
0.00328945
0.00328104
0.00327264
0.00326427
0.00325591
0.00324757
0.00323925
0.00323095
0.00322266
0.00321439
0.00320614
0.0031979
0.00318968
0.00318148
0.00317329
0.00316511
0.00315695
0.00314881
0.00314068
0.00313257
0.00312447
0.00311639
0.00310832
0.00310027
0.00309223
0.00308421
0.0030762
0.00306821
0.00306023
0.00305227
0.00304432
0.00303639
0.00302848
0.00302058
0.0030127
0.00300483
0.00299698
0.00298915
0.00298133
0.00297353
0.00296575
0.00295799
0.00295024
0.00294251
0.0029348
0.0029271
0.00291942
0.00291177
0.00290413
0.0028965
0.0028889
0.00288132
0.00287375
0.00286621
0.00285868
0.00285118
0.00284369
0.00283622
0.00282878
0.00282135
0.00281395
0.00280657
0.00279921
0.00279187
0.00278455
0.00277725
0.00276998
0.00276273
0.0027555
0.00274829
0.00274111
0.00273395
0.00272682
0.00271971
0.00271262
0.00270556
0.00269852
0.0026915
0.00268451
0.00267754
0.0026706
0.00266368
0.00265678
0.00264991
0.00264307
0.00263624
0.00262944
0.00262266
0.00261591
0.00260918
0.00260247
0.00259578
0.00258912
0.00258247
0.00257585
0.00256925
0.00256267
0.00255611
0.00254957
0.00254304
0.00253654
0.00253005
0.00252358
0.00251713
0.0025107
0.00250428
0.00249788
0.00249149
0.00248512
0.00247877
0.00247242
0.0024661
0.00245978
0.00245348
0.0024472
0.00244092
0.00243466
0.00242841
0.00242217
0.00241595
0.00240973
0.00240353
0.00239734
0.00239116
0.002385
0.00237884
0.00237269
0.00236656
0.00236044
0.00235433
0.00234823
0.00234214
0.00233606
0.00233
0.00232394
0.0023179
0.00231187
0.00230585
0.00229984
0.00229385
0.00228786
0.00228189
0.00227593
0.00226999
0.00226405
0.00225813
0.00225222
0.00224632
0.00224044
0.00223457
0.00222872
0.00222287
0.00221704
0.00221123
0.00220542
0.00219964
0.00219386
0.0021881
0.00218235
0.00217662
0.00217091
0.0021652
0.00215952
0.00215385
0.00214819
0.00214255
0.00213692
0.00213132
0.00212572
0.00212015
0.00211459
0.00210904
0.00210352
0.00209801
0.00209251
0.00208704
0.00208158
0.00207614
0.00207072
0.00206531
0.00205993
0.00205456
0.00204921
0.00204388
0.00203856
0.00203327
0.00202799
0.00202273
0.00201749
0.00201227
0.00200707
0.00200188
0.00199672
0.00199157
0.00198643
0.00198132
0.00197622
0.00197114
0.00196608
0.00196103
0.001956
0.00195099
0.00194599
0.001941
0.00193604
0.00193108
0.00192614
0.00192122
0.00191631
0.00191141
0.00190653
0.00190165
0.00189679
0.00189195
0.00188711
0.00188229
0.00187747
0.00187267
0.00186788
0.0018631
0.00185833
0.00185356
0.00184881
0.00184407
0.00183934
0.00183461
0.0018299
0.00182519
0.00182049
0.00181581
0.00181113
0.00180645
0.00180179
0.00179714
0.00179249
0.00178785
0.00178322
0.0017786
0.00177399
0.00176939
0.00176479
0.00176021
0.00175563
0.00175106
0.0017465
0.00174195
0.00173741
0.00173288
0.00172835
0.00172384
0.00171934
0.00171484
0.00171036
0.00170588
0.00170141
0.00169696
0.00169251
0.00168807
0.00168365
0.00167923
0.00167483
0.00167043
0.00166604
0.00166167
0.00165731
0.00165295
0.00164861
0.00164428
0.00163996
0.00163565
0.00163136
0.00162707
0.0016228
0.00161854
0.00161429
0.00161005
0.00160583
0.00160161
0.00159741
0.00159323
0.00158905
0.00158489
0.00158075
0.00157661
0.00157249
0.00156838
0.00156429
0.00156021
0.00155614
0.00155209
0.00154805
0.00154402
0.00154001
0.00153602
0.00153203
0.00152807
0.00152411
0.00152017
0.00151624
0.00151233
0.00150843
0.00150454
0.00150067
0.00149681
0.00149296
0.00148913
0.00148531
0.0014815
0.0014777
0.00147391
0.00147014
0.00146638
0.00146263
0.00145889
0.00145516
0.00145144
0.00144773
0.00144403
0.00144034
0.00143667
0.001433
0.00142933
0.00142568
0.00142204
0.0014184
0.00141477
0.00141115
0.00140754
0.00140393
0.00140033
0.00139674
0.00139316
0.00138958
0.00138601
0.00138245
0.00137889
0.00137534
0.0013718
0.00136826
0.00136473
0.0013612
0.00135768
0.00135417
0.00135066
0.00134716
0.00134367
0.00134018
0.0013367
0.00133323
0.00132976
0.0013263
0.00132285
0.0013194
0.00131596
0.00131253
0.0013091
0.00130568
0.00130227
0.00129886
0.00129546
0.00129207
0.00128869
0.00128531
0.00128194
0.00127858
0.00127523
0.00127188
0.00126854
0.00126521
0.00126189
0.00125858
0.00125527
0.00125197
0.00124868
0.0012454
0.00124213
0.00123887
0.00123561
0.00123237
0.00122913
0.0012259
0.00122268
0.00121947
0.00121627
0.00121308
0.0012099
0.00120673
0.00120356
0.00120041
0.00119727
0.00119414
0.00119102
0.0011879
0.0011848
0.00118171
0.00117863
0.00117556
0.0011725
0.00116946
0.00116642
0.00116339
0.00116037
0.00115737
0.00115437
0.00115139
0.00114841
0.00114545
0.0011425
0.00113955
0.00113662
0.0011337
0.00113079
0.00112788
0.00112499
0.0011221
0.00111923
0.00111636
0.00111351
0.00111066
0.00110782
0.00110499
0.00110216
0.00109935
0.00109654
0.00109374
0.00109095
0.00108816
0.00108538
0.00108261
0.00107984
0.00107708
0.00107433
0.00107158
0.00106884
0.0010661
0.00106337
0.00106065
0.00105793
0.00105521
0.0010525
0.0010498
0.0010471
0.00104441
0.00104172
0.00103903
0.00103635
0.00103368
0.00103101
0.00102834
0.00102568
0.00102303
0.00102038
0.00101773
0.00101509
0.00101245
0.00100982
0.00100719
0.00100457
0.00100196
0.000999344
0.000996738
0.000994137
0.000991541
0.000988951
0.000986365
0.000983786
0.000981211
0.000978642
0.000976079
0.000973522
0.00097097
0.000968423
0.000965883
0.000963348
0.000960819
0.000958297
0.00095578
0.000953269
0.000950765
0.000948266
0.000945774
0.000943289
0.00094081
0.000938337
0.000935871
0.000933411
0.000930959
0.000928513
0.000926074
0.000923643
0.000921218
0.0009188
0.00091639
0.000913987
0.000911592
0.000909204
0.000906824
0.000904451
0.000902087
0.00089973
0.00089738
0.000895039
0.000892706
0.000890381
0.000888064
0.000885755
0.000883454
0.000881161
0.000878877
0.0008766
0.000874332
0.000872071
0.000869819
0.000867574
0.000865338
0.000863109
0.000860888
0.000858674
0.000856468
0.00085427
0.000852079
0.000849895
0.000847718
0.000845547
0.000843384
0.000841227
0.000839077
0.000836933
0.000834795
0.000832663
0.000830537
0.000828417
0.000826302
0.000824192
0.000822088
0.000819988
0.000817894
0.000815804
0.000813719
0.000811639
0.000809563
0.000807491
0.000805424
0.00080336
0.000801301
0.000799245
0.000797194
0.000795146
0.000793102
0.000791061
0.000789024
0.000786991
0.000784962
0.000782936
0.000780914
0.000778895
0.00077688
0.000774868
0.00077286
0.000770856
0.000768855
0.000766858
0.000764865
0.000762875
0.00076089
0.000758907
0.000756929
0.000754955
0.000752985
0.000751018
0.000749056
0.000747097
0.000745143
0.000743193
0.000741246
0.000739304
0.000737367
0.000735433
0.000733504
0.00073158
0.000729659
0.000727743
0.000725832
0.000723925
0.000722023
0.000720126
0.000718233
0.000716345
0.000714462
0.000712583
0.00071071
0.000708842
0.000706978
0.00070512
0.000703267
0.000701419
0.000699577
0.00069774
0.000695909
0.000694083
0.000692262
0.000690448
0.000688639
0.000686836
0.000685038
0.000683247
0.000681462
0.000679682
0.000677909
0.000676141
0.00067438
0.000672625
0.000670876
0.000669134
0.000667397
0.000665667
0.000663943
0.000662225
0.000660513
0.000658807
0.000657108
0.000655414
0.000653726
0.000652044
0.000650368
0.000648698
0.000647033
0.000645374
0.000643721
0.000642072
0.000640429
0.000638791
0.000637158
0.00063553
0.000633907
0.000632288
0.000630674
0.000629064
0.000627459
0.000625857
0.00062426
0.000622667
0.000621077
0.000619491
0.000617909
0.00061633
0.000614755
0.000613183
0.000611614
0.000610048
0.000608485
0.000606926
0.000605369
0.000603815
0.000602264
0.000600716
0.000599171
0.000597628
0.000596088
0.000594551
0.000593017
0.000591485
0.000589956
0.000588429
0.000586906
0.000585385
0.000583866
0.000582351
0.000580838
0.000579328
0.000577821
0.000576317
0.000574815
0.000573316
0.000571821
0.000570328
0.000568838
0.000567352
0.000565868
0.000564388
0.00056291
0.000561436
0.000559965
0.000558497
0.000557032
0.000555571
0.000554112
0.000552658
0.000551206
0.000549758
0.000548314
0.000546873
0.000545435
0.000544001
0.000542571
0.000541144
0.000539721
0.000538302
0.000536887
0.000535475
0.000534068
0.000532664
0.000531264
0.000529868
0.000528477
0.000527089
0.000525706
0.000524327
0.000522952
0.000521582
0.000520216
0.000518855
0.000517498
0.000516145
0.000514797
0.000513454
0.000512115
0.000510781
0.000509452
0.000508127
0.000506807
0.000505492
0.000504182
0.000502876
0.000501575
0.000500278
0.000498986
0.000497699
0.000496416
0.000495138
0.000493865
0.000492595
0.000491331
0.00049007
0.000488814
0.000487561
0.000486313
0.000485069
0.000483829
0.000482592
0.00048136
0.00048013
0.000478905
0.000477683
0.000476464
0.000475248
0.000474036
0.000472826
0.00047162
0.000470416
0.000469215
0.000468017
0.000466822
0.000465629
0.000464439
0.000463251
0.000462065
0.000460882
0.000459701
0.000458522
0.000457345
0.00045617
0.000454998
0.000453828
0.000452659
0.000451493
0.000450329
0.000449167
0.000448007
0.000446848
0.000445692
0.000444538
0.000443386
0.000442236
0.000441088
0.000439942
0.000438798
0.000437657
0.000436517
0.00043538
0.000434245
0.000433112
0.000431981
0.000430852
0.000429726
0.000428602
0.000427481
0.000426361
0.000425244
0.00042413
0.000423018
0.000421908
0.000420801
0.000419696
0.000418594
0.000417495
0.000416398
0.000415303
0.000414211
0.000413122
0.000412036
0.000410952
0.000409871
0.000408793
0.000407718
0.000406646
0.000405576
0.00040451
0.000403446
0.000402386
0.000401328
0.000400274
0.000399223
0.000398175
0.00039713
0.000396089
0.000395051
0.000394016
0.000392984
0.000391956
0.000390932
0.000389911
0.000388893
0.000387879
0.000386869
0.000385862
0.000384859
0.000383859
0.000382863
0.00038187
0.000380881
0.000379896
0.000378914
0.000377936
0.000376961
0.00037599
0.000375022
0.000374057
0.000373096
0.000372139
0.000371184
0.000370233
0.000369285
0.00036834
0.000367398
0.000366459
0.000365523
0.000364589
0.000363659
0.000362731
0.000361805
0.000360882
0.000359962
0.000359044
0.000358128
0.000357215
0.000356304
0.000355394
0.000354487
0.000353582
0.000352679
0.000351777
0.000350878
0.00034998
0.000349084
0.000348189
0.000347297
0.000346405
0.000345516
0.000344628
0.000343742
0.000342857
0.000341973
0.000341092
0.000340211
0.000339332
0.000338455
0.000337579
0.000336705
0.000335833
0.000334961
0.000334092
0.000333224
0.000332357
0.000331493
0.000330629
0.000329768
0.000328908
0.000328049
0.000327193
0.000326338
0.000325485
0.000324633
0.000323783
0.000322936
0.000322089
0.000321245
0.000320403
0.000319562
0.000318723
0.000317886
0.000317051
0.000316218
0.000315387
0.000314558
0.000313731
0.000312906
0.000312083
0.000311262
0.000310443
0.000309626
0.000308812
0.000307999
0.000307189
0.000306381
0.000305575
0.000304772
0.000303971
0.000303172
0.000302376
0.000301582
0.00030079
0.000300001
0.000299215
0.000298431
0.00029765
0.000296871
0.000296095
0.000295322
0.000294551
0.000293783
0.000293017
0.000292255
0.000291495
0.000290738
0.000289983
0.000289231
0.000288482
0.000287736
0.000286993
0.000286252
0.000285513
0.000284778
0.000284045
0.000283315
0.000282587
0.000281862
0.000281139
0.000280419
0.000279701
0.000278985
0.000278272
0.000277561
0.000276852
0.000276145
0.000275441
0.000274738
0.000274037
0.000273339
0.000272642
0.000271947
0.000271253
0.000270562
0.000269872
0.000269183
0.000268496
0.000267811
0.000267127
0.000266444
0.000265763
0.000265083
0.000264405
0.000263727
0.000263051
0.000262376
0.000261703
0.00026103
0.000260359
0.000259689
0.00025902
0.000258352
0.000257685
0.00025702
0.000256355
0.000255692
0.00025503
0.000254369
0.000253709
0.00025305
0.000252393
0.000251736
0.000251081
0.000250427
0.000249775
0.000249123
0.000248473
0.000247824
0.000247176
0.00024653
0.000245885
0.000245241
0.000244599
0.000243958
0.000243318
0.00024268
0.000242043
0.000241408
0.000240774
0.000240141
0.00023951
0.00023888
0.000238252
0.000237626
0.000237
0.000236377
0.000235755
0.000235134
0.000234516
0.000233899
0.000233283
0.000232669
0.000232057
0.000231447
0.000230838
0.000230231
0.000229626
0.000229023
0.000228421
0.000227821
0.000227224
0.000226628
0.000226034
0.000225442
0.000224852
0.000224264
0.000223679
0.000223095
0.000222513
0.000221933
0.000221355
0.00022078
0.000220206
0.000219635
0.000219066
0.000218498
0.000217933
0.00021737
0.000216809
0.00021625
0.000215693
0.000215138
0.000214585
0.000214034
0.000213485
0.000212937
0.000212392
0.000211848
0.000211307
0.000210767
0.000210228
0.000209692
0.000209157
0.000208623
0.000208091
0.000207561
0.000207032
0.000206504
0.000205978
0.000205453
0.000204929
0.000204407
0.000203885
0.000203365
0.000202846
0.000202328
0.000201812
0.000201296
0.000200781
0.000200267
0.000199754
0.000199242
0.000198731
0.000198221
0.000197712
0.000197203
0.000196696
0.000196189
0.000195683
0.000195178
0.000194674
0.000194171
0.000193668
0.000193167
0.000192666
0.000192166
0.000191667
0.000191169
0.000190672
0.000190176
0.00018968
0.000189186
0.000188692
0.0001882
0.000187708
0.000187217
0.000186728
0.000186239
0.000185751
0.000185265
0.000184779
0.000184295
0.000183811
0.000183328
0.000182847
0.000182367
0.000181887
0.000181409
0.000180932
0.000180456
0.000179982
0.000179508
0.000179036
0.000178564
0.000178094
0.000177626
0.000177158
0.000176692
0.000176227
0.000175763
0.0001753
0.000174839
0.00017438
0.000173921
0.000173464
0.000173008
0.000172554
0.000172101
0.00017165
0.0001712
0.000170752
0.000170305
0.00016986
0.000169416
0.000168974
0.000168533
0.000168094
0.000167656
