1
0.990774
0.979034
0.972879
0.976491
0.989244
1.00756
1.02738
1.04574
1.06114
1.07312
1.08158
1.0864
1.08728
1.08402
1.07677
1.06622
1.05361
1.0405
1.02848
1.01884
1.01233
1.00913
1.00885
1.01078
1.01405
1.01783
1.02148
1.02461
1.02704
1.02876
1.02986
1.03044
1.0306
1.03037
1.02978
1.02884
1.02756
1.026
1.02424
1.0224
1.0206
1.01896
1.01756
1.01643
1.01557
1.0149
1.01433
1.01374
1.013
1.01199
1.01064
1.0089
1.00679
1.00435
1.0017
0.998953
0.996284
0.993861
0.991853
0.990414
0.989671
0.989718
0.990603
0.992333
0.994867
0.998122
1.00198
1.00628
1.01087
1.01554
1.02012
1.02442
1.02828
1.03157
1.03418
1.03603
1.03709
1.03737
1.03689
1.03573
1.03397
1.03172
1.02912
1.02629
1.02335
1.02045
1.0177
1.01519
1.01301
1.01124
1.00993
1.0091
1.00877
1.00895
1.00962
1.01076
1.01234
1.01432
1.01664
1.01927
1.02215
1.02523
1.02845
1.03175
1.03506
1.03835
1.04153
1.04457
1.04741
1.04999
1.05227
1.05422
1.05579
1.05696
1.05772
1.05805
1.05796
1.05746
1.05656
1.05529
1.05368
1.05178
1.04961
1.04723
1.04469
1.04203
1.0393
1.03654
1.03379
1.03107
1.02844
1.02589
1.02347
1.02118
1.01904
1.01704
1.01521
1.01354
1.01203
1.01068
1.0095
1.00848
1.00763
1.00693
1.00641
1.00604
1.00583
1.00578
1.00589
1.00614
1.00653
1.00705
1.00769
1.00842
1.00925
1.01013
1.01107
1.01203
1.01299
1.01394
1.01485
1.0157
1.01649
1.01718
1.01778
1.01828
1.01866
1.01893
1.01909
1.01914
1.0191
1.01896
1.01875
1.01849
1.01817
1.01783
1.01748
1.01714
1.01682
1.01655
1.01633
1.01617
1.0161
1.01612
1.01623
1.01643
1.01673
1.01713
1.01762
1.01819
1.01884
1.01954
1.0203
1.02109
1.0219
1.02272
1.02352
1.02431
1.02505
1.02574
1.02637
1.02693
1.02742
1.02782
1.02814
1.02838
1.02854
1.02863
1.02864
1.0286
1.02851
1.02838
1.02822
1.02805
1.02788
1.02771
1.02756
1.02744
1.02735
1.02731
1.02732
1.02737
1.02749
1.02766
1.02788
1.02815
1.02847
1.02884
1.02924
1.02966
1.03011
1.03058
1.03104
1.03151
1.03196
1.0324
1.0328
1.03318
1.03352
1.03381
1.03405
1.03423
1.03436
1.03443
1.03444
1.03438
1.03425
1.03406
1.0338
1.03347
1.03307
1.03261
1.03208
1.03149
1.03083
1.03012
1.02934
1.02851
1.02762
1.02669
1.02571
1.02468
1.02362
1.02252
1.0214
1.02026
1.0191
1.01794
1.01677
1.01562
1.01448
1.01337
1.01229
1.01125
1.01026
1.00933
1.00847
1.00769
1.00699
1.00638
1.00586
1.00544
1.00513
1.00493
1.00483
1.00484
1.00496
1.00519
1.00553
1.00597
1.00652
1.00717
1.0079
1.00873
1.00963
1.0106
1.01164
1.01273
1.01387
1.01504
1.01625
1.01747
1.0187
1.01993
1.02115
1.02236
1.02354
1.02468
1.02579
1.02685
1.02786
1.0288
1.02969
1.03051
1.03126
1.03194
1.03254
1.03307
1.03352
1.0339
1.03421
1.03445
1.03461
1.03471
1.03475
1.03473
1.03466
1.03453
1.03436
1.03415
1.03391
1.03363
1.03333
1.033
1.03266
1.0323
1.03194
1.03157
1.03119
1.03082
1.03044
1.03007
1.02971
1.02935
1.029
1.02866
1.02832
1.028
1.02767
1.02736
1.02705
1.02674
1.02644
1.02614
1.02584
1.02555
1.02525
1.02496
1.02466
1.02437
1.02408
1.02379
1.0235
1.02322
1.02294
1.02266
1.0224
1.02213
1.02188
1.02164
1.02141
1.02118
1.02097
1.02078
1.02059
1.02042
1.02027
1.02012
1.01999
1.01987
1.01976
1.01965
1.01955
1.01946
1.01937
1.01929
1.0192
1.01911
1.01902
1.01892
1.01882
1.0187
1.01858
1.01845
1.01831
1.01815
1.01799
1.01782
1.01764
1.01745
1.01726
1.01706
1.01686
1.01667
1.01648
1.01631
1.01614
1.01599
1.01586
1.01575
1.01566
1.01561
1.01559
1.01561
1.01566
1.01576
1.0159
1.01608
1.01631
1.01659
1.01691
1.01728
1.0177
1.01816
1.01867
1.01922
1.0198
1.02042
1.02108
1.02176
1.02247
1.0232
1.02394
1.0247
1.02545
1.02621
1.02697
1.02771
1.02845
1.02916
1.02984
1.0305
1.03112
1.03171
1.03225
1.03275
1.0332
1.0336
1.03394
1.03423
1.03447
1.03465
1.03477
1.03483
1.03484
1.03479
1.03468
1.03452
1.03431
1.03405
1.03373
1.03337
1.03297
1.03253
1.03205
1.03154
1.03099
1.03042
1.02983
1.02921
1.02858
1.02794
1.02729
1.02663
1.02597
1.02531
1.02465
1.024
1.02336
1.02273
1.02211
1.02152
1.02094
1.02038
1.01984
1.01933
1.01885
1.01839
1.01796
1.01756
1.01718
1.01684
1.01654
1.01626
1.01601
1.0158
1.01562
1.01546
1.01534
1.01526
1.0152
1.01517
1.01516
1.01519
1.01524
1.01532
1.01542
1.01554
1.01569
1.01586
1.01605
1.01625
1.01647
1.01671
1.01696
1.01723
1.0175
1.01779
1.01808
1.01838
1.01869
1.019
1.01932
1.01964
1.01996
1.02027
1.02059
1.02091
1.02123
1.02154
1.02185
1.02215
1.02245
1.02274
1.02303
1.02331
1.02358
1.02385
1.02411
1.02436
1.0246
1.02484
1.02507
1.02529
1.02551
1.02571
1.02592
1.02611
1.0263
1.02648
1.02665
1.02682
1.02698
1.02713
1.02728
1.02743
1.02756
1.0277
1.02782
1.02794
1.02805
1.02816
1.02826
1.02835
1.02844
1.02852
1.02858
1.02864
1.02869
1.02873
1.02877
1.02879
1.0288
1.0288
1.02878
1.02875
1.02871
1.02865
1.02857
1.02848
1.02837
1.02824
1.0281
1.02793
1.02775
1.02755
1.02733
1.02709
1.02683
1.02655
1.02626
1.02595
1.02563
1.02529
1.02493
1.02457
1.02419
1.0238
1.02341
1.023
1.0226
1.02219
1.02178
1.02136
1.02096
1.02055
1.02016
1.01977
1.01939
1.01902
1.01867
1.01834
1.01802
1.01772
1.01744
1.01718
1.01695
1.01674
1.01656
1.0164
1.01627
1.01617
1.01609
1.01604
1.01602
1.01603
1.01607
1.01613
1.01622
1.01633
1.01647
1.01664
1.01682
1.01704
1.01727
1.01752
1.0178
1.01809
1.0184
1.01872
1.01905
1.0194
1.01976
1.02013
1.02051
1.02089
1.02128
1.02167
1.02206
1.02245
1.02284
1.02323
1.02362
1.024
1.02438
1.02475
1.02511
1.02546
1.0258
1.02612
1.02644
1.02674
1.02703
1.0273
1.02756
1.0278
1.02802
1.02823
1.02842
1.02859
1.02874
1.02887
1.02898
1.02907
1.02915
1.0292
1.02923
1.02925
1.02924
1.02922
1.02918
1.02911
1.02904
1.02894
1.02882
1.02869
1.02854
1.02838
1.0282
1.02801
1.02781
1.02759
1.02736
1.02712
1.02687
1.02661
1.02635
1.02608
1.0258
1.02552
1.02523
1.02494
1.02465
1.02436
1.02407
1.02377
1.02348
1.02319
1.02291
1.02263
1.02235
1.02208
1.02182
1.02156
1.02131
1.02106
1.02083
1.0206
1.02038
1.02017
1.01998
1.01979
1.01961
1.01944
1.01929
1.01915
1.01901
1.01889
1.01879
1.01869
1.01861
1.01854
1.01848
1.01844
1.0184
1.01838
1.01838
1.01838
1.0184
1.01843
1.01847
1.01853
1.0186
1.01868
1.01877
1.01888
1.01899
1.01912
1.01926
1.01941
1.01957
1.01975
1.01993
1.02012
1.02032
1.02052
1.02074
1.02096
1.02119
1.02143
1.02167
1.02191
1.02216
1.02242
1.02267
1.02293
1.02319
1.02345
1.02371
1.02397
1.02422
1.02447
1.02472
1.02497
1.02521
1.02544
1.02567
1.02589
1.0261
1.0263
1.0265
1.02668
1.02685
1.02701
1.02716
1.0273
1.02743
1.02755
1.02762
1.02765
1.02765
1.02755
1.02726
1.02683
1.02643
1.02627
1.02643
1.02685
1.02736
1.02777
1.02794
1.02777
1.02729
1.02656
1.02573
1.02491
1.02415
1.02347
1.02284
1.02223
1.02164
1.02108
1.02058
1.02012
1.01967
1.0192
1.01872
1.01821
1.01765
1.01702
1.01629
1.01548
1.0146
1.01368
1.01277
1.01186
1.01099
1.01014
1.00933
1.00857
1.00786
1.0072
1.00658
1.00601
1.00549
1.00502
1.0046
1.00424
1.00392
1.00364
1.00339
1.00317
1.00297
1.00278
1.0026
1.00241
1.00221
1.00202
1.00183
1.00164
1.00143
1.00121
1.00099
1.00079
1.00059
1.00039
1.00016
0.999904
0.999639
0.999384
0.999147
0.998903
0.998629
0.998314
0.997977
0.997645
0.997345
0.997074
0.996816
0.996554
0.996291
0.996043
0.995835
0.995672
0.995554
0.995464
0.995399
0.995356
0.99535
0.995379
0.995449
0.995541
0.99565
0.995761
0.995883
0.99601
0.996158
0.996305
0.996454
0.996576
0.996672
0.996731
0.99677
0.996786
0.996796
0.996778
0.99673
0.99662
0.996447
0.996214
0.995942
0.99565
0.995358
0.995051
0.994716
0.994322
0.99386
0.993345
0.992807
0.992278
0.99178
0.991297
0.990809
0.990284
0.989717
0.989133
0.988565
0.98804
0.987568
0.987125
0.986687
0.98623
0.98576
0.985307
0.984898
0.984541
0.984229
0.983926
0.98361
0.98327
0.982922
0.982589
0.982295
0.982029
0.981776
0.981499
0.981183
0.980832
0.980465
0.980107
0.979772
0.979445
0.979105
0.978722
0.978289
0.977822
0.977352
0.976899
0.976477
0.976063
0.975634
0.975163
0.974653
0.974136
0.973646
0.973202
0.972808
0.972431
0.972043
0.971625
0.971188
0.970772
0.970413
0.970117
0.969872
0.969641
0.969399
0.969139
0.968881
0.968653
0.96848
0.968352
0.968251
0.968144
0.968023
0.967897
0.96779
0.967712
0.967675
0.967652
0.967622
0.967556
0.96746
0.967357
0.967282
0.967243
0.967246
0.96725
0.967218
0.967117
0.966967
0.966817
0.966718
0.96668
0.966688
0.966691
0.966649
0.966542
0.966396
0.966254
0.966152
0.966084
0.966021
0.965935
0.965831
0.96573
0.965658
0.965605
0.965547
0.965459
0.965345
0.965227
0.965133
0.965052
0.964965
0.964844
0.964691
0.964525
0.96437
0.964224
0.964074
0.963893
0.963684
0.963457
0.963236
0.96302
0.962809
0.962573
0.962305
0.962002
0.961681
0.961365
0.961073
0.960792
0.960512
0.960193
0.959817
0.959388
0.958938
0.958512
0.958139
0.957812
0.9575
0.957149
0.956729
0.956249
0.955753
0.955294
0.95493
0.954668
0.954457
0.954231
0.953957
0.953653
0.953364
0.953106
0.95286
0.952587
0.952267
0.951904
0.951519
0.951121
0.950708
0.95027
0.949807
0.949331
0.948857
0.948395
0.947947
0.94751
0.947086
0.946678
0.946289
0.94592
0.945568
0.945228
0.9449
0.944581
0.944272
0.943971
0.943681
0.943396
0.943121
0.942849
0.942586
0.942327
0.942077
0.94183
0.941592
0.941357
0.94113
0.940906
0.94069
0.940475
0.940265
0.940053
0.939843
0.939627
0.939408
0.939178
0.938943
0.938694
0.93844
0.938173
0.937902
0.93762
0.937335
0.937042
0.936747
0.936447
0.93615
0.935852
0.935563
0.935279
0.935005
0.934736
0.934476
0.93422
0.933972
0.933729
0.933497
0.933272
0.933063
0.93286
0.932667
0.932472
0.932277
0.932077
0.93188
0.931685
0.931508
0.931342
0.931195
0.931048
0.930892
0.930716
0.930521
0.930316
0.930125
0.929962
0.929852
0.929769
0.929681
0.92954
0.929328
0.929061
0.928782
0.928544
0.928394
0.928332
0.928286
0.928167
0.927937
0.927622
0.92729
0.927001
0.926795
0.92664
0.926489
0.926289
0.926019
0.925696
0.925361
0.925057
0.924814
0.924611
0.924402
0.924142
0.923818
0.923456
0.923105
0.922795
0.922523
0.922256
0.921967
0.921651
0.921329
0.92101
0.920693
0.920368
0.920031
0.919686
0.919351
0.919026
0.918713
0.918396
0.918068
0.91772
0.91736
0.916994
0.916641
0.916306
0.916002
0.91571
0.915418
0.915104
0.914756
0.914383
0.914006
0.913657
0.913386
0.913196
0.913039
0.912831
0.91253
0.912165
0.911802
0.911497
0.911272
0.911119
0.911002
0.910881
0.910712
0.910485
0.910221
0.909954
0.909706
0.909502
0.909335
0.90921
0.909082
0.908925
0.90872
0.908467
0.908187
0.907916
0.907708
0.90762
0.907613
0.90757
0.907397
0.907081
0.906691
0.906338
0.906124
0.90606
0.906066
0.906027
0.905881
0.905651
0.905381
0.905115
0.904878
0.904665
0.904453
0.904219
0.90401
0.903855
0.903766
0.903736
0.903731
0.903721
0.903696
0.903687
0.903711
0.903748
0.903799
0.903861
0.903935
0.904021
0.904098
0.90416
0.904159
0.904132
0.904048
0.903965
0.903941
0.904
0.90413
0.90428
0.904398
0.90445
0.90447
0.904503
0.904566
0.904656
0.904666
0.904554
0.904368
0.904194
0.904079
0.904029
0.904022
0.904013
0.903971
0.90387
0.903759
0.903656
0.903595
0.903591
0.903636
0.903714
0.90379
0.903803
0.90374
0.903664
0.903647
0.90369
0.903792
0.903933
0.904099
0.904292
0.904489
0.904693
0.904851
0.904974
0.905034
0.905076
0.905149
0.905272
0.905437
0.905594
0.905711
0.905766
0.905799
0.905823
0.905851
0.905895
0.905951
0.906002
0.906025
0.905933
0.905667
0.905278
0.904901
0.904612
0.904435
0.904335
0.904251
0.904141
0.903993
0.903841
0.903691
0.903537
0.90339
0.903241
0.903068
0.902864
0.90259
0.90228
0.901978
0.901732
0.901546
0.901388
0.901236
0.901069
0.900925
0.900828
0.900792
0.900813
0.90082
0.900791
0.900734
0.9007
0.900715
0.900729
0.900744
0.900707
0.900658
0.90065
0.900705
0.900816
0.900935
0.901008
0.901007
0.900967
0.900928
0.900899
0.900885
0.900803
0.900651
0.900479
0.900346
0.900274
0.900253
0.900253
0.900217
0.900124
0.899962
0.8998
0.899677
0.899617
0.899622
0.89967
0.899741
0.899811
0.899855
0.899848
0.899824
0.89983
0.899893
0.90001
0.900151
0.900272
0.90036
0.90043
0.900514
0.900578
0.900641
0.900684
0.900743
0.900851
0.901016
0.901224
0.901424
0.901559
0.901615
0.901639
0.901682
0.901733
0.90179
0.901816
0.901811
0.901793
0.901774
0.901759
0.901714
0.901593
0.901351
0.901066
0.900821
0.900658
0.900575
0.900523
0.900454
0.900359
0.900268
0.900151
0.899981
0.89981
0.899687
0.899591
0.89952
0.899464
0.899425
0.899404
0.899381
0.899347
0.899271
0.899176
0.899083
0.899016
0.898978
0.898938
0.898883
0.898791
0.898687
0.898596
0.898544
0.898531
0.898459
0.898323
0.898145
0.897999
0.897931
0.897938
0.897996
0.898052
0.898067
0.898045
0.898018
0.897993
0.897967
0.89794
0.897908
0.897851
0.897755
0.897577
0.897358
0.897121
0.896923
0.8968
0.896747
0.89675
0.896765
0.896717
0.896599
0.896477
0.896409
0.896407
0.896455
0.896509
0.896514
0.896463
0.896392
0.896344
0.896333
0.89635
0.896376
0.896379
0.896294
0.896151
0.896024
0.895976
0.896022
0.89614
0.89629
0.896421
0.89649
0.89651
0.896539
0.89662
0.896749
0.896908
0.897028
0.897058
0.897023
0.896988
0.896989
0.897036
0.897116
0.897187
0.897232
0.897165
0.897036
0.8969
0.896821
0.896821
0.896873
0.89695
0.897011
0.897043
0.897055
0.897069
0.897084
0.897048
0.896973
0.896885
0.89682
0.896787
0.896724
0.89663
0.896501
0.896388
0.89633
0.896335
0.896391
0.896437
0.896378
0.896221
0.896055
0.895952
0.89593
0.895967
0.896009
0.895999
0.895909
0.895787
0.895687
0.895624
0.895597
0.895564
0.895494
0.895395
0.895288
0.895153
0.894999
0.894833
0.894689
0.894573
0.894471
0.894375
0.894205
0.893993
0.893798
0.893671
0.893618
0.893592
0.893559
0.893487
0.893403
0.893331
0.89329
0.893284
0.893275
0.89324
0.893161
0.89307
0.892982
0.892914
0.89288
0.892875
0.892886
0.892896
0.892873
0.89279
0.892678
0.892599
0.892587
0.892646
0.892754
0.892842
0.892878
0.892796
0.892675
0.892582
0.892571
0.892654
0.892801
0.892974
0.893125
0.89322
0.893248
0.893248
0.893257
0.893273
0.893298
0.893239
0.893111
0.892976
0.892896
0.892892
0.892946
0.893024
0.893073
0.893095
0.89305
0.892992
0.892971
0.893012
0.893106
0.893184
0.893218
0.893195
0.893161
0.893152
0.893179
0.893237
0.893228
0.893041
0.892748
0.892491
0.892354
0.892349
0.892434
0.892538
0.89262
0.89264
0.892634
0.892604
0.892582
0.892593
0.89263
0.892673
0.892675
0.892583
0.892381
0.892134
0.891915
0.891742
0.891624
0.891534
0.891458
0.891397
0.891351
0.891313
0.891255
0.891046
0.89074
0.890457
0.890289
0.890256
0.890317
0.890417
0.890505
0.890551
0.890533
0.89049
0.890463
0.890471
0.89051
0.890498
0.890419
0.890282
0.890143
0.890037
0.889952
0.889887
0.88978
0.889656
0.88956
0.889525
0.889549
0.889579
0.889575
0.889501
0.889398
0.889284
0.889197
0.889155
0.889155
0.889181
0.889197
0.889119
0.888906
0.888656
0.888479
0.888413
0.888451
0.88855
0.88866
0.888764
0.888849
0.888925
0.88899
0.889056
0.889082
0.889054
0.888996
0.888954
0.888939
0.88895
0.88898
0.889017
0.889048
0.888996
0.888867
0.888721
0.888633
0.888635
0.888699
0.888794
0.888865
0.888894
0.888897
0.888913
0.888947
0.888959
0.888949
0.888931
0.888925
0.888942
0.888876
0.88874
0.888558
0.888408
0.888347
0.888379
0.888481
0.888596
0.88866
0.88866
0.888647
0.888665
0.888712
0.888777
0.888804
0.888781
0.888725
0.88867
0.888629
0.888575
0.888499
0.888353
0.88818
0.888023
0.887925
0.887889
0.887827
0.887725
0.887583
0.887456
0.887388
0.887381
0.887419
0.887434
0.88736
0.887201
0.887034
0.886912
0.886844
0.88682
0.88676
0.886606
0.886388
0.886196
0.886074
0.886034
0.886055
0.886088
0.886099
0.886037
0.885939
0.885806
0.885689
0.88563
0.885636
0.88569
0.885743
0.885735
0.885638
0.88551
0.885417
0.885378
0.88539
0.88541
0.885405
0.885376
0.885349
0.885258
0.885126
0.884992
0.884918
0.884928
0.884964
0.88501
0.885036
0.885066
0.885126
0.885225
0.885352
0.885428
0.885319
0.885035
0.88473
0.884532
0.884482
0.884551
0.884677
0.884798
0.88489
0.884969
0.885059
0.885141
0.885211
0.885188
0.885101
0.884996
0.884926
0.884909
0.884879
0.88483
0.88476
0.884716
0.884734
0.884813
0.884937
0.885022
0.88499
0.88485
0.884695
0.884596
0.884571
0.884607
0.884638
0.884608
0.884526
0.884461
0.884451
0.884499
0.884587
0.884649
0.884571
0.884385
0.884199
0.88409
0.884078
0.884132
0.884193
0.884211
0.884144
0.884039
0.883943
0.883892
0.883889
0.883821
0.883675
0.883478
0.883303
0.883191
0.883125
0.883092
0.883045
0.88299
0.882946
0.882932
0.882946
0.882879
0.882714
0.882394
0.882036
0.881762
0.881631
0.881633
0.881707
0.881795
0.881861
0.88192
0.881972
0.882019
0.88207
0.882127
0.882157
0.882142
0.882057
0.881931
0.88176
0.881587
0.881458
0.881401
0.881414
0.881456
0.881479
0.88142
0.881323
0.881238
0.881209
0.881245
0.881276
0.881282
0.88125
0.881219
0.881221
0.881261
0.881328
0.881308
0.881167
0.880953
0.880774
0.880684
0.880679
0.880734
0.88079
0.880803
0.880791
0.880805
0.880854
0.880937
0.88104
0.881151
0.881238
0.881236
0.881022
0.880682
0.880376
0.880212
0.880208
0.880318
0.88047
0.88061
0.880696
0.880747
0.880785
0.880837
0.880914
0.88097
0.880989
0.880914
0.880779
0.880636
0.880537
0.880499
0.880462
0.880405
0.880292
0.880182
0.880118
0.880128
0.8802
0.880232
0.880192
0.880087
0.879992
0.879954
0.879966
0.880016
0.88002
0.87998
0.879931
0.879916
0.879948
0.87998
0.879981
0.879877
0.879711
0.87953
0.879393
0.879324
0.879301
0.879299
0.879272
0.879216
0.879133
0.879061
0.879013
0.878982
0.878962
0.878908
0.878767
0.878568
0.878387
0.878268
0.878226
0.878238
0.878219
0.878125
0.877919
0.877703
0.877539
0.877475
0.877514
0.877619
0.877751
0.877866
0.87793
0.877903
0.877828
0.877758
0.877731
0.877753
0.877724
0.87763
0.877482
0.877348
0.877276
0.877268
0.877311
0.877333
0.877314
0.877264
0.877234
0.877241
0.87721
0.87715
0.877063
0.876998
0.876989
0.877036
0.877124
0.877193
0.87719
0.877101
0.877002
0.876949
0.876945
0.876987
0.877013
0.877008
0.877
0.877028
0.877102
0.877204
0.877295
0.877325
0.87727
0.877173
0.877095
0.877039
0.877013
0.87701
0.877029
0.877067
0.877004
0.876826
0.87646
0.876065
0.875797
0.875723
0.87582
0.876002
0.876194
0.876353
0.876478
0.87654
0.876552
0.876519
0.87648
0.876449
0.876399
0.876327
0.876181
0.875984
0.875788
0.875652
0.875592
0.875579
0.875577
0.875484
0.875341
0.875128
0.874934
0.874836
0.874859
0.874976
0.875126
0.875243
0.875287
0.875292
0.875301
0.875331
0.87538
0.875342
0.875097
0.87472
0.874365
0.874134
0.874051
0.874077
0.87414
0.874192
0.874189
0.87417
0.874137
0.874125
0.874155
0.874216
0.874283
0.874302
0.874201
0.873951
0.87365
0.873403
0.873252
0.873199
0.873202
0.873204
0.873194
0.873185
0.873188
0.8732
0.873135
0.872959
0.872687
0.872449
0.872322
0.872312
0.872417
0.872591
0.872759
0.872917
0.873086
0.873284
0.873515
0.873674
0.873738
0.873676
0.873555
0.873441
0.873362
0.873321
0.873256
0.873105
0.872873
0.872659
0.87253
0.87249
0.872524
0.872543
0.872519
0.872478
0.872467
0.872505
0.872564
0.872621
0.872603
0.872523
0.872351
0.87217
0.872054
0.872036
0.872106
0.872193
0.872246
0.872234
0.872209
0.872171
0.872144
0.872164
0.87224
0.872358
0.872476
0.872531
0.872429
0.872214
0.872006
0.871893
0.871894
0.87197
0.872055
0.872087
0.872013
0.871876
0.871742
0.871663
0.871644
0.871644
0.87161
0.871494
0.87133
0.871152
0.871009
0.870932
0.87091
0.870921
0.870919
0.870885
0.870798
0.870706
0.870604
0.87052
0.870487
0.870513
0.870585
0.870659
0.870656
0.870474
0.870204
0.869986
0.869901
0.869951
0.870075
0.870194
0.870259
0.870261
0.870229
0.870178
0.8701
0.869985
0.869843
0.869704
0.86952
0.869272
0.86902
0.868848
0.868769
0.868784
0.868873
0.869013
0.869179
0.869233
0.869037
0.868576
0.868083
0.867757
0.867646
0.867716
0.867883
0.868079
0.86828
0.868467
0.868618
0.868727
0.868817
0.868903
0.86892
0.86887
0.868708
0.868495
0.868306
0.868194
0.868174
0.868198
0.868204
0.868149
0.868095
0.868097
0.868173
0.868317
0.868418
0.868412
0.868332
0.86827
0.868243
0.868266
0.86834
0.868459
0.868607
0.86869
0.868646
0.868384
0.868047
0.867766
0.867629
0.867639
0.867713
0.8678
0.867869
0.867939
0.868021
0.868104
0.868177
0.868199
0.868135
0.867954
0.86771
0.867432
0.867166
0.86696
0.866824
0.866746
0.866708
0.866632
0.866486
0.866294
0.866138
0.866074
0.866108
0.866206
0.866299
0.866336
0.866316
0.86627
0.866233
0.866231
0.866275
0.866342
0.866404
0.866448
0.86647
0.866477
0.866477
0.866473
0.866469
0.866464
0.866457
0.866448
0.866436
0.866421
0.866404
0.866384
0.866361
0.866334
0.866305
0.866274
0.866238
0.866202
0.866165
0.86613
0.866097
0.866068
0.866045
0.866028
0.866018
0.866015
0.866021
0.866034
0.866055
0.866083
0.866117
0.866157
0.866202
0.866251
0.866301
0.866352
0.866404
0.866453
0.866501
0.866544
0.866584
0.866618
0.866648
0.866672
0.86669
0.866703
0.86671
0.866713
0.866713
0.866708
0.8667
0.86669
0.866679
0.866666
0.866653
0.866639
0.866626
0.866614
0.866603
0.866594
0.866585
0.866579
0.866574
0.86657
0.866569
0.866568
0.866569
0.866571
0.866574
0.866578
0.866582
0.866586
0.866591
0.866594
0.866597
0.8666
0.866601
0.866601
0.866599
0.866596
0.866591
0.866585
0.866579
0.866567
0.866556
0.866544
0.866531
0.866517
0.866503
0.866488
0.866474
0.86646
0.866447
0.866434
0.866422
0.866412
0.866403
0.866396
0.866391
0.866387
0.866384
0.866384
0.866385
0.866387
0.86639
0.866395
0.866401
0.866407
0.866414
0.866421
0.86643
0.866438
0.866445
0.866452
0.866459
0.866465
0.86647
0.866474
0.866477
0.866479
0.86648
0.866479
0.866476
0.866473
0.866468
0.866461
0.866453
0.866445
0.866434
0.866423
0.866411
0.866399
0.866386
0.866373
0.866361
0.866349
0.866337
0.866325
0.866315
0.866306
0.866298
0.866292
0.866288
0.866285
0.866284
0.866284
0.866287
0.866291
0.866297
0.866305
0.866314
0.866325
0.866337
0.866349
0.866364
0.866378
0.866394
0.866409
0.866424
0.86644
0.866455
0.86647
0.866484
0.866498
0.866512
0.866524
0.866536
0.866546
0.866556
0.866565
0.866573
0.866581
0.866588
0.866594
0.8666
0.866605
0.86661
0.866615
0.86662
0.866624
0.866629
0.866633
0.866637
0.866641
0.866645
0.866649
0.866653
0.866657
0.86666
0.866663
0.866665
0.866667
0.866668
0.866667
0.866667
0.866665
0.866661
0.866657
0.866651
0.866644
0.866635
0.866625
0.866613
0.8666
0.866586
0.86657
0.866554
0.866536
0.866517
0.866505
0.866477
0.866456
0.866436
0.866416
0.866396
0.866376
0.866357
0.866338
0.866321
0.866304
0.866289
0.866275
0.866262
0.866251
0.866241
0.866233
0.866227
0.866222
0.866219
0.866218
0.866218
0.86622
0.866223
0.866227
0.866233
0.86624
0.866249
0.866258
0.866268
0.866278
0.866291
0.866303
0.866316
0.866329
0.866343
0.866357
0.866371
0.866385
0.866399
0.866413
0.866427
0.86644
0.866454
0.866467
0.86648
0.866492
0.866504
0.866515
0.866526
0.866537
0.866547
0.866556
0.866565
0.866573
0.86658
0.866587
0.866593
0.866598
0.866603
0.866607
0.86661
0.866613
0.866615
0.866616
0.866616
0.866616
0.866615
0.866613
0.866611
0.866608
0.866605
0.866601
0.866596
0.866591
0.866586
0.86658
0.866574
0.866567
0.86656
0.866553
0.866546
0.866539
0.866532
0.866525
0.866518
0.866511
0.866504
0.866497
0.866491
0.866485
0.866482
0.866474
0.866469
0.866464
0.86646
0.866456
0.866453
0.866449
0.866447
0.866444
0.866442
0.86644
0.866439
0.866437
0.866436
0.866435
0.866434
0.866434
0.866433
0.866432
0.866432
0.866431
0.86643
0.86643
0.866429
0.866428
0.866427
0.866426
0.866425
0.866424
0.866423
0.866421
0.86642
0.866418
0.866417
0.866415
0.866413
0.866412
0.86641
0.866409
0.866407
0.866406
0.866404
0.866403
0.866402
0.866401
0.8664
0.866399
0.866398
0.866398
0.866398
0.866397
0.866398
0.866398
0.866398
0.866399
0.8664
0.866401
0.866402
0.866404
0.866406
0.866408
0.866411
0.866413
0.866416
0.86642
0.866423
0.866427
0.866431
0.866436
0.866441
0.866446
0.866449
0.866457
0.866463
0.866469
0.866475
0.866482
0.866489
0.866495
0.866502
0.866509
0.866517
0.866524
0.866531
0.866538
0.866544
0.866551
0.866557
0.866563
0.866569
0.866574
0.866579
0.866584
0.866588
0.866591
0.866594
0.866596
0.866598
0.866599
0.866599
0.866599
0.866598
0.866596
0.866593
0.86659
0.866587
0.866582
0.866577
0.866572
0.866565
0.866559
0.866552
0.866544
0.866536
0.866528
0.866519
0.86651
0.866501
0.866492
0.866483
0.866474
0.866465
0.866455
0.866446
0.866437
0.866428
0.86642
0.866411
0.866403
0.866396
0.866389
0.866382
0.866375
0.866369
0.866364
0.866359
0.866355
0.866351
0.866347
0.866345
0.866342
0.866341
0.86634
0.866339
0.866339
0.866339
0.866341
0.866342
0.866344
0.866347
0.86635
0.866354
0.866358
0.866362
0.866367
0.866372
0.866378
0.866384
0.86639
0.866396
0.866403
0.86641
0.866417
0.866425
0.866432
0.86644
0.866447
0.866455
0.866462
0.86647
0.866477
0.866484
0.866492
0.866499
0.866505
0.866512
0.866518
0.866524
0.866529
0.866535
0.86654
0.866544
0.866548
0.866552
0.866555
0.866558
0.86656
0.866562
0.866564
0.866565
0.866566
0.866566
0.866566
0.866566
0.866565
0.866564
0.866562
0.86656
0.866558
0.866555
0.866553
0.866549
0.866546
0.866542
0.866539
0.866535
0.866531
0.866527
0.866522
0.866517
0.866513
0.866508
0.866504
0.866499
0.866494
0.86649
0.866485
0.86648
0.866476
0.866471
0.866467
0.866463
0.866459
0.866455
0.866451
0.866447
0.866443
0.86644
0.866436
0.866433
0.86643
0.866428
0.866425
0.866422
0.86642
0.866418
0.866416
0.866414
0.866413
0.866412
0.86641
0.866409
0.866408
0.866408
0.866407
0.866407
0.866406
0.866406
0.866406
0.866407
0.866407
0.866408
0.866408
0.866409
0.86641
0.866411
0.866412
0.866413
0.866414
0.866416
0.866417
0.866419
0.866421
0.866423
0.866425
0.866427
0.866429
0.866431
0.866434
0.866436
0.866439
0.866441
0.866444
0.866447
0.86645
0.866453
0.866456
0.866459
0.866462
0.866465
0.866468
0.866471
0.866474
0.866478
0.866481
0.866484
0.866487
0.866491
0.866494
0.866497
0.8665
0.866503
0.866506
0.866509
0.866512
0.866514
0.866517
0.866519
0.866522
0.866524
0.866526
0.866528
0.866529
0.866531
0.866532
0.866533
0.866534
0.866534
0.866535
0.866535
0.866535
0.866534
0.866534
0.866533
0.866532
0.866531
0.866529
0.866528
0.866526
0.866524
0.866521
0.866519
0.866516
0.866513
0.86651
0.866506
0.866503
0.866499
0.866495
0.866491
0.866487
0.866483
0.866479
0.866474
0.86647
0.866465
0.86646
0.866456
0.866451
0.866447
0.866442
0.866438
0.866434
0.866429
0.866425
0.866421
0.866417
0.866414
0.86641
0.866407
0.866404
0.866401
0.866399
0.866396
0.866394
0.866393
0.866391
0.86639
0.86639
0.866389
0.866389
0.866389
0.86639
0.866391
0.866392
0.866393
0.866395
0.866397
0.8664
0.866403
0.866406
0.866409
0.866412
0.866416
0.86642
0.866424
0.866429
0.866433
0.866438
0.866443
0.866447
0.866452
0.866457
0.866462
0.866467
0.866472
0.866477
0.866482
0.866487
0.866492
0.866496
0.866501
0.866505
0.866509
0.866513
0.866517
0.86652
0.866523
0.866526
0.866529
0.866531
0.866533
0.866535
0.866537
0.866538
0.866539
0.866539
0.86654
0.86654
0.86654
0.866539
0.866538
0.866537
0.866536
0.866534
0.866532
0.86653
0.866527
0.866525
0.866522
0.866519
0.866516
0.866513
0.866509
0.866506
0.866502
0.866498
0.866494
0.86649
0.866486
0.866483
0.866479
0.866475
0.866471
0.866467
0.866463
0.866459
0.866456
0.866452
0.866449
0.866446
0.866443
0.86644
0.866437
0.866434
0.866432
0.866429
0.866427
0.866425
0.866423
0.866422
0.86642
0.866419
0.866418
0.866417
0.866417
0.866416
0.866416
0.866416
0.866416
0.866417
0.866417
0.866418
0.866418
0.866419
0.86642
0.866421
0.866423
0.866424
0.866426
0.866427
0.866429
0.866431
0.866433
0.866435
0.866437
0.866439
0.866441
0.866443
0.866445
0.866447
0.866449
0.866452
0.866454
0.866456
0.866459
0.866461
0.866463
0.866465
0.866467
0.86647
0.866472
0.866474
0.866476
0.866478
0.86648
0.866482
0.866484
0.866486
0.866488
0.86649
0.866492
0.866493
0.866495
0.866496
0.866498
0.866499
0.866501
0.866502
0.866503
0.866504
0.866505
0.866506
0.866507
0.866508
0.866508
0.866509
0.866509
0.86651
0.86651
0.86651
0.86651
0.86651
0.866509
0.866509
0.866508
0.866508
0.866507
0.866506
0.866505
0.866504
0.866502
0.866501
0.866499
0.866498
0.866496
0.866494
0.866492
0.86649
0.866487
0.866485
0.866483
0.86648
0.866477
0.866475
0.866472
0.866469
0.866467
0.866464
0.866461
0.866458
0.866455
0.866453
0.86645
0.866447
0.866444
0.866442
0.866439
0.866437
0.866435
0.866432
0.86643
0.866428
0.866426
0.866425
0.866423
0.866422
0.866421
0.86642
0.866419
0.866418
0.866418
0.866418
0.866417
0.866418
0.866418
0.866419
0.866419
0.86642
0.866421
0.866423
0.866424
0.866426
0.866428
0.86643
0.866432
0.866434
0.866437
0.866439
0.866442
0.866445
0.866448
0.866451
0.866454
0.866457
0.86646
0.866463
0.866466
0.86647
0.866473
0.866476
0.866479
0.866482
0.866485
0.866488
0.866491
0.866494
0.866496
0.866499
0.866501
0.866503
0.866505
0.866507
0.866509
0.86651
0.866512
0.866513
0.866514
0.866515
0.866515
0.866516
0.866516
0.866516
0.866516
0.866515
0.866515
0.866514
0.866513
0.866512
0.866511
0.866509
0.866508
0.866506
0.866504
0.866502
0.8665
0.866498
0.866495
0.866493
0.866491
0.866488
0.866485
0.866483
0.86648
0.866477
0.866475
0.866472
0.866469
0.866467
0.866464
0.866462
0.866459
0.866457
0.866454
0.866452
0.86645
0.866448
0.866445
0.866444
0.866442
0.86644
0.866439
0.866437
0.866436
0.866435
0.866434
0.866433
0.866432
0.866431
0.866431
0.86643
0.86643
0.86643
0.86643
0.86643
0.86643
0.866431
0.866431
0.866432
0.866433
0.866434
0.866435
0.866436
0.866437
0.866438
0.866439
0.866441
0.866442
0.866444
0.866445
0.866447
0.866449
0.86645
0.866452
0.866454
0.866456
0.866458
0.866459
0.866461
0.866463
0.866465
0.866467
0.866469
0.866471
0.866472
0.866474
0.866476
0.866478
0.866479
0.866481
0.866482
0.866484
0.866485
0.866487
0.866488
0.866489
0.86649
0.866492
0.866493
0.866494
0.866494
0.866495
0.866496
0.866497
0.866497
0.866498
0.866498
0.866498
0.866498
0.866498
0.866498
0.866498
0.866498
0.866498
0.866497
0.866497
0.866496
0.866496
0.866495
0.866494
0.866493
0.866492
0.866491
0.86649
0.866489
0.866488
0.866486
0.866485
0.866483
0.866482
0.86648
0.866479
0.866477
0.866475
0.866474
0.866472
0.86647
0.866468
0.866467
0.866465
0.866463
0.866461
0.866459
0.866458
0.866456
0.866454
0.866453
0.866451
0.86645
0.866448
0.866447
0.866445
0.866444
0.866443
0.866442
0.866441
0.86644
0.866439
0.866438
0.866438
0.866437
0.866437
0.866436
0.866436
0.866436
0.866436
0.866436
0.866436
0.866437
0.866437
0.866438
0.866438
0.866439
0.86644
0.866441
0.866442
0.866444
0.866445
0.866446
0.866448
0.866449
0.866451
0.866452
0.866454
0.866456
0.866458
0.86646
0.866462
0.866463
0.866465
0.866467
0.866469
0.866471
0.866473
0.866475
0.866477
0.866479
0.866481
0.866482
0.866484
0.866486
0.866487
0.866489
0.86649
0.866491
0.866493
0.866494
0.866495
0.866496
0.866496
0.866497
0.866498
0.866498
0.866499
0.866499
0.866499
0.866499
0.866499
0.866499
0.866498
0.866498
0.866497
0.866496
0.866496
0.866495
0.866494
0.866493
0.866491
0.86649
0.866489
0.866487
0.866486
0.866484
0.866483
0.866481
0.866479
0.866478
0.866476
0.866474
0.866472
0.866471
0.866469
0.866467
0.866465
0.866463
0.866462
0.86646
0.866458
0.866457
0.866455
0.866454
0.866452
0.866451
0.866449
0.866448
0.866447
0.866446
0.866445
0.866444
0.866443
0.866443
0.866442
0.866441
0.866441
0.866441
0.86644
0.86644
0.86644
0.86644
0.866441
0.866441
0.866441
0.866442
0.866442
0.866443
0.866444
0.866445
0.866445
0.866446
0.866447
0.866448
0.86645
0.866451
0.866452
0.866453
0.866455
0.866456
0.866457
0.866459
0.86646
0.866462
0.866463
0.866465
0.866466
0.866468
0.866469
0.866471
0.866472
0.866473
0.866475
0.866476
0.866477
0.866478
0.86648
0.866481
0.866482
0.866483
0.866484
0.866485
0.866486
0.866486
0.866487
0.866488
0.866488
0.866489
0.866489
0.86649
0.86649
0.86649
0.86649
0.86649
0.86649
0.86649
0.86649
0.86649
0.866489
0.866489
0.866489
0.866488
0.866487
0.866487
0.866486
0.866485
0.866485
0.866484
0.866483
0.866482
0.866481
0.86648
0.866479
0.866478
0.866477
0.866476
0.866474
0.866473
0.866472
0.866471
0.86647
0.866468
0.866467
0.866466
0.866465
0.866464
0.866462
0.866461
0.86646
0.866459
0.866458
0.866457
0.866456
0.866455
0.866454
0.866453
0.866452
0.866452
0.866451
0.86645
0.866449
0.866449
0.866448
0.866448
0.866448
0.866447
0.866447
0.866447
0.866447
0.866447
0.866447
0.866447
0.866447
0.866447
0.866448
0.866448
0.866449
0.866449
0.86645
0.86645
0.866451
0.866452
0.866453
0.866453
0.866454
0.866455
0.866456
0.866457
0.866459
0.86646
0.866461
0.866462
0.866463
0.866464
0.866466
0.866467
0.866468
0.866469
0.866471
0.866472
0.866473
0.866474
0.866475
0.866476
0.866478
0.866479
0.86648
0.866481
0.866482
0.866483
0.866483
0.866484
0.866485
0.866486
0.866486
0.866487
0.866487
0.866488
0.866488
0.866488
0.866488
0.866488
0.866488
0.866488
0.866488
0.866488
0.866488
0.866487
0.866487
0.866486
0.866486
0.866485
0.866484
0.866484
0.866483
0.866482
0.866481
0.86648
0.866479
0.866478
0.866477
0.866476
0.866475
0.866473
0.866472
0.866471
0.86647
0.866469
0.866467
0.866466
0.866465
0.866464
0.866463
0.866461
0.86646
0.866459
0.866458
0.866457
0.866456
0.866455
0.866454
0.866454
0.866453
0.866452
0.866451
0.866451
0.86645
0.86645
0.866449
0.866449
0.866449
0.866449
0.866449
0.866449
0.866449
0.866449
0.866449
0.866449
0.86645
0.86645
0.86645
0.866451
0.866451
0.866452
0.866453
0.866453
0.866454
0.866455
0.866456
0.866457
0.866458
0.866459
0.86646
0.866461
0.866462
0.866463
0.866464
0.866465
0.866466
0.866467
0.866468
0.866469
0.86647
0.866471
0.866472
0.866473
0.866474
0.866475
0.866476
0.866476
0.866477
0.866478
0.866479
0.866479
0.86648
0.866481
0.866481
0.866482
0.866471
0.866385
0.86616
0.865804
0.865398
0.865058
0.864876
0.864893
0.865095
0.865443
0.865898
0.866437
0.867063
0.867792
0.868646
0.869645
0.870798
0.872105
0.873557
0.875139
0.876836
0.878631
0.880509
0.882456
0.884457
0.886495
0.888553
0.890607
0.892636
0.894616
0.896527
0.89835
0.90007
0.901678
0.903169
0.904539
0.905788
0.906918
0.907932
0.908835
0.90963
0.910324
0.910926
0.911445
0.911892
0.91228
0.912622
0.912933
0.913227
0.913518
0.91382
0.914143
0.914499
0.914894
0.915334
0.915824
0.916365
0.916957
0.917597
0.918283
0.919008
0.919766
0.920549
0.921349
0.922155
0.922957
0.923744
0.924505
0.925228
0.925902
0.926517
0.927062
0.927528
0.927908
0.928194
0.928379
0.928459
0.928431
0.928292
0.928041
0.927677
0.927202
0.926619
0.925929
0.925139
0.924252
0.923277
0.92222
0.921089
0.919894
0.918645
0.917351
0.916023
0.914673
0.913311
0.911948
0.910596
0.909264
0.907964
0.906703
0.905491
0.904335
0.903242
0.902218
0.901266
0.900391
0.899595
0.898877
0.89824
0.89768
0.897197
0.896786
0.896446
0.89617
0.895955
0.895796
0.895687
0.895623
0.895599
0.89561
0.895652
0.89572
0.895812
0.895924
0.896055
0.896203
0.896368
0.896549
0.896749
0.896968
0.897209
0.897473
0.897765
0.898086
0.898441
0.898833
0.899265
0.89974
0.90026
0.900828
0.901445
0.902112
0.902828
0.903595
0.904409
0.905268
0.90617
0.907111
0.908085
0.909089
0.910115
0.911159
0.912212
0.913268
0.914321
0.915362
0.916385
0.917383
0.918349
0.919278
0.920163
0.920999
0.921782
0.922506
0.92317
0.92377
0.924303
0.924769
0.925167
0.925496
0.925756
0.925949
0.926075
0.926136
0.926134
0.926071
0.92595
0.925773
0.925542
0.925261
0.924933
0.924559
0.924143
0.923688
0.923195
0.922668
0.922109
0.92152
0.920904
0.920263
0.919598
0.918913
0.918208
0.917487
0.916752
0.916003
0.915245
0.914478
0.913705
0.912929
0.912151
0.911375
0.910602
0.909836
0.909079
0.908333
0.907601
0.906886
0.90619
0.905517
0.904867
0.904244
0.90365
0.903087
0.902557
0.902061
0.901603
0.901182
0.9008
0.900458
0.900157
0.899897
0.899679
0.899503
0.899369
0.899276
0.899224
0.899212
0.89924
0.899306
0.899409
0.899549
0.899722
0.899929
0.900167
0.900435
0.90073
0.901053
0.9014
0.90177
0.902162
0.902574
0.903005
0.903452
0.903915
0.904392
0.904882
0.905384
0.905897
0.906419
0.90695
0.907488
0.908033
0.908584
0.909139
0.909698
0.91026
0.910824
0.911388
0.911953
0.912515
0.913075
0.913632
0.914182
0.914726
0.915262
0.915788
0.916301
0.916802
0.917287
0.917755
0.918204
0.918633
0.919038
0.919419
0.919773
0.920099
0.920396
0.920661
0.920893
0.92109
0.921253
0.921378
0.921467
0.921518
0.92153
0.921504
0.921438
0.921335
0.921192
0.921012
0.920795
0.920542
0.920253
0.91993
0.919574
0.919187
0.91877
0.918325
0.917854
0.917359
0.91684
0.916302
0.915744
0.915171
0.914583
0.913983
0.913373
0.912755
0.912131
0.911504
0.910876
0.910248
0.909624
0.909005
0.908393
0.90779
0.907199
0.906622
0.90606
0.905516
0.904991
0.904488
0.904009
0.903555
0.903128
0.902729
0.902361
0.902025
0.901722
0.901453
0.90122
0.901024
0.900865
0.900744
0.900662
0.90062
0.900616
0.900652
0.900727
0.900841
0.900993
0.901183
0.901409
0.901672
0.901968
0.902298
0.90266
0.903051
0.90347
0.903916
0.904385
0.904877
0.905388
0.905916
0.90646
0.907016
0.907582
0.908156
0.908736
0.909318
0.909901
0.910482
0.911059
0.91163
0.912192
0.912743
0.913282
0.913807
0.914315
0.914806
0.915277
0.915726
0.916154
0.916558
0.916937
0.917291
0.917618
0.917918
0.918189
0.918433
0.918647
0.918832
0.918987
0.919113
0.919209
0.919275
0.919312
0.91932
0.9193
0.91925
0.919173
0.919069
0.918938
0.918782
0.9186
0.918394
0.918165
0.917913
0.917641
0.917348
0.917036
0.916707
0.916361
0.916
0.915625
0.915238
0.914839
0.914431
0.914014
0.91359
0.913161
0.912727
0.912291
0.911854
0.911417
0.910982
0.910549
0.910121
0.909698
0.909282
0.908874
0.908476
0.908088
0.907712
0.907348
0.906998
0.906663
0.906343
0.90604
0.905754
0.905486
0.905237
0.905006
0.904796
0.904606
0.904437
0.904289
0.904163
0.904058
0.903976
0.903915
0.903877
0.903862
0.903869
0.903898
0.903949
0.904022
0.904117
0.904233
0.90437
0.904528
0.904707
0.904904
0.905121
0.905357
0.905609
0.905879
0.906165
0.906466
0.906782
0.90711
0.907451
0.907803
0.908164
0.908535
0.908913
0.909297
0.909686
0.910079
0.910474
0.91087
0.911266
0.911659
0.91205
0.912436
0.912816
0.913189
0.913553
0.913907
0.91425
0.91458
0.914897
0.9152
0.915486
0.915756
0.916007
0.916241
0.916454
0.916648
0.91682
0.916971
0.917101
0.917207
0.917291
0.917353
0.91739
0.917405
0.917397
0.917365
0.917311
0.917234
0.917135
0.917013
0.916871
0.916708
0.916524
0.916322
0.9161
0.915862
0.915606
0.915334
0.915048
0.914749
0.914436
0.914113
0.913779
0.913436
0.913086
0.91273
0.912368
0.912003
0.911636
0.911268
0.910899
0.910533
0.91017
0.90981
0.909457
0.90911
0.908771
0.908441
0.908122
0.907814
0.907518
0.907236
0.906968
0.906715
0.906479
0.906259
0.906056
0.905872
0.905706
0.90556
0.905433
0.905326
0.905238
0.905171
0.905125
0.905099
0.905093
0.905107
0.905141
0.905195
0.905269
0.905361
0.905472
0.905601
0.905748
0.905911
0.906091
0.906286
0.906496
0.906719
0.906956
0.907205
0.907465
0.907735
0.908014
0.908302
0.908596
0.908897
0.909203
0.909513
0.909826
0.910141
0.910457
0.910772
0.911087
0.911398
0.911707
0.912011
0.91231
0.912602
0.912887
0.913163
0.913431
0.913688
0.913935
0.91417
0.914393
0.914602
0.914798
0.91498
0.915147
0.915298
0.915434
0.915553
0.915656
0.915742
0.91581
0.915862
0.915896
0.915913
0.915912
0.915894
0.915859
0.915806
0.915737
0.915651
0.91555
0.915432
0.915299
0.915152
0.91499
0.914815
0.914626
0.914426
0.914214
0.913991
0.913759
0.913517
0.913268
0.913011
0.912748
0.912479
0.912206
0.91193
0.911651
0.911371
0.91109
0.91081
0.910531
0.910255
0.909982
0.909714
0.909451
0.909194
0.908945
0.908703
0.90847
0.908247
0.908033
0.907831
0.907641
0.907463
0.907298
0.907146
0.907008
0.906884
0.906775
0.906681
0.906602
0.906538
0.90649
0.906458
0.906441
0.90644
0.906455
0.906484
0.906529
0.906589
0.906664
0.906752
0.906855
0.906971
0.9071
0.907242
0.907395
0.907559
0.907734
0.907919
0.908113
0.908315
0.908525
0.908741
0.908964
0.909192
0.909424
0.90966
0.909898
0.910139
0.91038
0.910621
0.910862
0.911101
0.911337
0.911571
0.911801
0.912026
0.912245
0.912459
0.912665
0.912865
0.913056
0.913238
0.913412
0.913575
0.913729
0.913872
0.914004
0.914124
0.914233
0.914329
0.914414
0.914486
0.914546
0.914593
0.914627
0.914648
0.914657
0.914653
0.914636
0.914607
0.914566
0.914512
0.914447
0.91437
0.914282
0.914183
0.914074
0.913955
0.913826
0.913688
0.913541
0.913386
0.913223
0.913053
0.912877
0.912695
0.912508
0.912316
0.912121
0.911921
0.91172
0.911516
0.911311
0.911105
0.910899
0.910694
0.91049
0.910289
0.91009
0.909894
0.909702
0.909514
0.909332
0.909156
0.908986
0.908822
0.908666
0.908518
0.908378
0.908247
0.908126
0.908013
0.907911
0.907819
0.907738
0.907667
0.907608
0.90756
0.907523
0.907497
0.907484
0.907481
0.907491
0.907512
0.907544
0.907588
0.907643
0.907709
0.907786
0.907873
0.907971
0.908078
0.908195
0.908321
0.908455
0.908597
0.908747
0.908904
0.909068
0.909238
0.909412
0.909592
0.909775
0.909962
0.910152
0.910344
0.910537
0.91073
0.910924
0.911117
0.911308
0.911497
0.911684
0.911867
0.912046
0.91222
0.912388
0.912551
0.912707
0.912856
0.912998
0.913131
0.913256
0.913372
0.913478
0.913574
0.913661
0.913737
0.913802
0.913857
0.913901
0.913933
0.913955
0.913965
0.913964
0.913952
0.913929
0.913895
0.913851
0.913796
0.91373
0.913655
0.91357
0.913476
0.913373
0.913262
0.913143
0.913016
0.912883
0.912743
0.912597
0.912446
0.91229
0.91213
0.911966
0.9118
0.911631
0.911461
0.91129
0.911118
0.910947
0.910776
0.910607
0.91044
0.910276
0.910115
0.909958
0.909805
0.909656
0.909514
0.909377
0.909246
0.909122
0.909005
0.908895
0.908793
0.908699
0.908613
0.908536
0.908467
0.908407
0.908357
0.908315
0.908282
0.908259
0.908245
0.90824
0.908244
0.908257
0.908279
0.908309
0.908348
0.908396
0.908451
0.908515
0.908586
0.908664
0.908749
0.908841
0.908939
0.909043
0.909152
0.909266
0.909385
0.909508
0.909635
0.909765
0.909898
0.910034
0.910171
0.91031
0.910449
0.91059
0.91073
0.91087
0.911009
0.911147
0.911283
0.911417
0.911548
0.911676
0.911801
0.911923
0.91204
0.912152
0.91226
0.912362
0.91246
0.912551
0.912636
0.912715
0.912788
0.912854
0.912913
0.912965
0.91301
0.913048
0.913078
0.913101
0.913116
0.913124
0.913125
0.913118
0.913103
0.913081
0.913052
0.913016
0.912972
0.912922
0.912866
0.912802
0.912733
0.912657
0.912576
0.91249
0.912398
0.912301
0.9122
0.912095
0.911986
0.911873
0.911758
0.91164
0.911519
0.911397
0.911273
0.911149
0.911023
0.910898
0.910773
0.910648
0.910525
0.910403
0.910283
0.910166
0.910051
0.909939
0.909831
0.909727
0.909627
0.909532
0.909441
0.909356
0.909276
0.909202
0.909134
0.909072
0.909017
0.908968
0.908926
0.908891
0.908863
0.908842
0.908829
0.908822
0.908823
0.90883
0.908845
0.908867
0.908896
0.908932
0.908974
0.909023
0.909079
0.90914
0.909208
0.909281
0.909359
0.909442
0.90953
0.909623
0.909719
0.909819
0.909923
0.910029
0.910138
0.910249
0.910362
0.910476
0.910591
0.910707
0.910823
0.910938
0.911052
0.911166
0.911278
0.911387
0.911495
0.9116
0.911702
0.9118
0.911894
0.911985
0.912071
0.912153
0.912229
0.9123
0.912366
0.912427
0.912481
0.91253
0.912572
0.912608
0.912638
0.912662
0.912679
0.91269
0.912694
0.912692
0.912683
0.912669
0.912648
0.91262
0.912587
0.912548
0.912504
0.912454
0.912399
0.912338
0.912273
0.912204
0.91213
0.912052
0.911971
0.911886
0.911798
0.911708
0.911615
0.91152
0.911424
0.911326
0.911227
0.911127
0.911028
0.910928
0.910828
0.91073
0.910632
0.910536
0.910442
0.910349
0.910259
0.910172
0.910087
0.910006
0.909928
0.909854
0.909783
0.909717
0.909656
0.909598
0.909546
0.909498
0.909455
0.909418
0.909385
0.909358
0.909336
0.90932
0.909309
0.909303
0.909303
0.909308
0.909318
0.909334
0.909355
0.909381
0.909412
0.909447
0.909488
0.909533
0.909582
0.909635
0.909692
0.909753
0.909818
0.909886
0.909957
0.91003
0.910106
0.910184
0.910265
0.910347
0.91043
0.910514
0.910599
0.910685
0.910771
0.910857
0.910942
0.911027
0.911111
0.911194
0.911275
0.911354
0.911432
0.911507
0.911579
0.911649
0.911716
0.91178
0.91184
0.911896
0.911949
0.911998
0.912043
0.912084
0.91212
0.912152
0.912179
0.912202
0.91222
0.912234
0.912242
0.912246
0.912246
0.91224
0.91223
0.912215
0.912196
0.912172
0.912144
0.912112
0.912076
0.912035
0.911991
0.911943
0.911892
0.911838
0.91178
0.91172
0.911657
0.911591
0.911524
0.911454
0.911383
0.91131
0.911236
0.911162
0.911086
0.911011
0.910935
0.910859
0.910784
0.910709
0.910635
0.910563
0.910491
0.910422
0.910354
0.910289
0.910225
0.910164
0.910106
0.910051
0.909999
0.90995
0.909905
0.909863
0.909825
0.90979
0.90976
0.909733
0.90971
0.909692
0.909677
0.909667
0.909661
0.909659
0.909662
0.909668
0.909679
0.909694
0.909712
0.909735
0.909761
0.909791
0.909825
0.909862
0.909902
0.909946
0.909992
0.910042
0.910094
0.910148
0.910205
0.910263
0.910324
0.910386
0.91045
0.910514
0.91058
0.910646
0.910713
0.91078
0.910847
0.910914
0.910981
0.911047
0.911111
0.911175
0.911238
0.911299
0.911358
0.911415
0.91147
0.911523
0.911574
0.911621
0.911666
0.911708
0.911747
0.911783
0.911816
0.911845
0.91187
0.911893
0.911911
0.911926
0.911937
0.911944
0.911948
0.911948
0.911944
0.911936
0.911925
0.911911
0.911892
0.91187
0.911845
0.911817
0.911786
0.911751
0.911714
0.911673
0.911631
0.911585
0.911538
0.911488
0.911437
0.911383
0.911329
0.911273
0.911215
0.911157
0.911098
0.911039
0.910979
0.910919
0.910859
0.9108
0.910741
0.910683
0.910625
0.910569
0.910514
0.910461
0.910409
0.91036
0.910312
0.910266
0.910223
0.910182
0.910144
0.910109
0.910076
0.910046
0.91002
0.909996
0.909976
0.909958
0.909945
0.909934
0.909927
0.909923
0.909922
0.909925
0.909931
0.90994
0.909953
0.909968
0.909987
0.910009
0.910033
0.910061
0.910091
0.910123
0.910159
0.910196
0.910235
0.910277
0.91032
0.910365
0.910412
0.91046
0.910509
0.910559
0.91061
0.910662
0.910714
0.910766
0.910818
0.91087
0.910922
0.910974
0.911025
0.911075
0.911124
0.911172
0.911218
0.911263
0.911307
0.911349
0.911389
0.911427
0.911462
0.911496
0.911527
0.911556
0.911582
0.911606
0.911627
0.911645
0.911661
0.911674
0.911684
0.911691
0.911695
0.911696
0.911695
0.911691
0.911684
0.911674
0.911662
0.911646
0.911629
0.911609
0.911586
0.911561
0.911534
0.911505
0.911474
0.911441
0.911406
0.91137
0.911332
0.911293
0.911252
0.911211
0.911168
0.911125
0.911081
0.911037
0.910992
0.910947
0.910902
0.910857
0.910813
0.910769
0.910725
0.910683
0.910641
0.9106
0.91056
0.910521
0.910484
0.910448
0.910414
0.910382
0.910351
0.910323
0.910296
0.910272
0.910249
0.910229
0.910211
0.910195
0.910182
0.910171
0.910163
0.910157
0.910154
0.910153
0.910154
0.910158
0.910164
0.910173
0.910184
0.910197
0.910213
0.91023
0.91025
0.910272
0.910296
0.910321
0.910349
0.910378
0.910409
0.910441
0.910475
0.910509
0.910545
0.910582
0.91062
0.910658
0.910697
0.910737
0.910776
0.910816
0.910856
0.910896
0.910936
0.910975
0.911014
0.911052
0.911089
0.911126
0.911161
0.911196
0.911229
0.91126
0.911291
0.911319
0.911346
0.911372
0.911395
0.911417
0.911436
0.911454
0.911469
0.911483
0.911494
0.911503
0.91151
0.911514
0.911516
0.911516
0.911514
0.91151
0.911503
0.911494
0.911483
0.91147
0.911455
0.911438
0.911419
0.911398
0.911376
0.911352
0.911326
0.911299
0.91127
0.91124
0.911209
0.911177
0.911145
0.911111
0.911076
0.911041
0.911006
0.91097
0.910934
0.910899
0.910863
0.910827
0.910792
0.910757
0.910723
0.910689
0.910656
0.910624
0.910593
0.910564
0.910535
0.910508
0.910482
0.910458
0.910435
0.910414
0.910395
0.910377
0.910362
0.910348
0.910336
0.910326
0.910317
0.910311
0.910307
0.910305
0.910305
0.910307
0.910311
0.910316
0.910324
0.910333
0.910345
0.910358
0.910373
0.910389
0.910407
0.910427
0.910448
0.91047
0.910494
0.910518
0.910544
0.910571
0.910599
0.910628
0.910657
0.910687
0.910717
0.910748
0.910779
0.91081
0.910841
0.910872
0.910903
0.910934
0.910964
0.910994
0.911023
0.911052
0.911079
0.911106
0.911132
0.911157
0.911181
0.911203
0.911225
0.911245
0.911263
0.911281
0.911296
0.911311
0.911323
0.911334
0.911343
0.911351
0.911357
0.911361
0.911364
0.911365
0.911364
0.911362
0.911358
0.911352
0.911345
0.911336
0.911325
0.911313
0.9113
0.911285
0.911269
0.911252
0.911233
0.911213
0.911192
0.911171
0.911148
0.911124
0.9111
0.911075
0.91105
0.911024
0.910998
0.910971
0.910944
0.910917
0.91089
0.910863
0.910836
0.91081
0.910784
0.910758
0.910733
0.910708
0.910684
0.910661
0.910639
0.910617
0.910597
0.910577
0.910559
0.910542
0.910526
0.910511
0.910497
0.910485
0.910475
0.910465
0.910457
0.910451
0.910446
0.910443
0.910441
0.91044
0.910441
0.910444
0.910448
0.910453
0.91046
0.910468
0.910477
0.910488
0.9105
0.910514
0.910528
0.910544
0.910561
0.910578
0.910597
0.910616
0.910637
0.910658
0.910679
0.910701
0.910724
0.910747
0.910771
0.910795
0.910818
0.910842
0.910866
0.91089
0.910914
0.910937
0.91096
0.910983
0.911005
0.911027
0.911048
0.911069
0.911088
0.911107
0.911125
0.911142
0.911158
0.911173
0.911186
0.911199
0.91121
0.911221
0.91123
0.911237
0.911244
0.911249
0.911252
0.911255
0.911256
0.911256
0.911254
0.911251
0.911247
0.911242
0.911235
0.911227
0.911218
0.911208
0.911196
0.911184
0.91117
0.911156
0.911141
0.911124
0.911107
0.91109
0.911071
0.911052
0.911033
0.911013
0.910992
0.910972
0.910951
0.91093
0.910908
0.910887
0.910866
0.910845
0.910824
0.910803
0.910783
0.910763
0.910744
0.910725
0.910707
0.910689
0.910672
0.910656
0.910641
0.910626
0.910613
0.9106
0.910589
0.910578
0.910569
0.910561
0.910553
0.910547
0.910543
0.910539
0.910536
0.910535
0.910535
0.910536
0.910538
0.910541
0.910545
0.910551
0.910558
0.910565
0.910574
0.910584
0.910594
0.910606
0.910618
0.910631
0.910645
0.91066
0.910676
0.910692
0.910708
0.910725
0.910742
0.91076
0.910778
0.910797
0.910815
0.910834
0.910852
0.910871
0.91089
0.910908
0.910926
0.910944
0.910962
0.910979
0.910996
0.911012
0.911027
0.911042
0.911057
0.91107
0.911083
0.911096
0.911107
0.911117
0.911127
0.911135
0.911143
0.91115
0.911155
0.91116
0.911164
0.911166
0.911168
0.911169
0.911168
0.911167
0.911164
0.911161
0.911156
0.911151
0.911145
0.911137
0.911129
0.91112
0.911111
0.9111
0.911089
0.911077
0.911064
0.911051
0.911038
0.911023
0.911009
0.910994
0.910978
0.910962
0.910947
0.91093
0.910914
0.910898
0.910882
0.910865
0.910849
0.910833
0.910818
0.910802
0.910787
0.910772
0.910758
0.910744
0.910731
0.910718
0.910705
0.910694
0.910683
0.910673
0.910663
0.910654
0.910647
0.910639
0.910633
0.910628
0.910623
0.910619
0.910617
0.910615
0.910614
0.910614
0.910614
0.910616
0.910619
0.910622
0.910626
0.910631
0.910637
0.910644
0.910651
0.910659
0.910668
0.910678
0.910688
0.910698
0.910709
0.910721
0.910733
0.910746
0.910759
0.910772
0.910786
0.9108
0.910814
0.910828
0.910842
0.910856
0.910871
0.910885
0.910899
0.910913
0.910926
0.91094
0.910953
0.910966
0.910978
0.91099
0.911002
0.911013
0.911024
0.911034
0.911043
0.911052
0.91106
0.911067
0.911074
0.91108
0.911085
0.91109
0.911094
0.911097
0.911099
0.9111
0.911101
0.911101
0.9111
0.911098
0.911095
0.911092
0.911088
0.911083
0.911078
0.911072
0.911065
0.911058
0.91105
0.911041
0.911032
0.911022
0.911012
0.911002
0.910991
0.910979
0.910968
0.910956
0.910944
0.910932
0.910919
0.910906
0.910894
0.910881
0.910869
0.910856
0.910844
0.910831
0.910819
0.910807
0.910796
0.910785
0.910774
0.910763
0.910753
0.910743
0.910734
0.910726
0.910718
0.91071
0.910703
0.910697
0.910691
0.910686
0.910682
0.910678
0.910675
0.910673
0.910672
0.910671
0.910671
0.910671
0.910672
0.910674
0.910677
0.91068
0.910684
0.910689
0.910694
0.9107
0.910706
0.910713
0.91072
0.910728
0.910737
0.910745
0.910755
0.910764
0.910774
0.910784
0.910795
0.910805
0.910816
0.910827
0.910838
0.91085
0.910861
0.910872
0.910883
0.910894
0.910905
0.910916
0.910926
0.910936
0.910947
0.910956
0.910966
0.910975
0.910983
0.910991
0.910999
0.911006
0.911013
0.911019
0.911025
0.91103
0.911035
0.911039
0.911042
0.911045
0.911047
0.911049
0.91105
0.91105
0.91105
0.911049
0.911047
0.911045
0.911042
0.911039
0.911035
0.911031
0.911026
0.911021
0.911015
0.911008
0.911002
0.910995
0.910987
0.910979
0.910971
0.910962
0.910953
0.910944
0.910935
0.910926
0.910916
0.910907
0.910897
0.910887
0.910877
0.910868
0.910858
0.910848
0.910839
0.91083
0.910821
0.910812
0.910803
0.910795
0.910787
0.910779
0.910772
0.910765
0.910759
0.910753
0.910747
0.910742
0.910737
0.910733
0.910729
0.910726
0.910723
0.910721
0.910719
0.910718
0.910718
0.910718
0.910718
0.910719
0.910721
0.910723
0.910725
0.910729
0.910732
0.910736
0.91074
0.910745
0.910751
0.910756
0.910762
0.910769
0.910775
0.910783
0.91079
0.910797
0.910805
0.910813
0.910821
0.910829
0.910838
0.910846
0.910855
0.910863
0.910872
0.91088
0.910889
0.910897
0.910905
0.910913
0.910921
0.910929
0.910936
0.910943
0.91095
0.910957
0.910963
0.910969
0.910975
0.91098
0.910985
0.910989
0.910993
0.910997
0.911
0.911003
0.911005
0.911007
0.911008
0.911009
0.911009
0.911009
0.911008
0.911007
0.911006
0.911004
0.911001
0.910998
0.910995
0.910991
0.910987
0.910983
0.910978
0.910973
0.910967
0.910962
0.910956
0.910949
0.910943
0.910936
0.910929
0.910922
0.910915
0.910907
0.9109
0.910892
0.910885
0.910877
0.91087
0.910862
0.910855
0.910847
0.91084
0.910833
0.910826
0.91082
0.910813
0.910807
0.910801
0.910795
0.91079
0.910785
0.91078
0.910775
0.910771
0.910768
0.910764
0.910761
0.910759
0.910757
0.910755
0.910753
0.910753
0.910752
0.910752
0.910752
0.910753
0.910754
0.910756
0.910758
0.91076
0.910763
0.910766
0.91077
0.910773
0.910778
0.910782
0.910787
0.910792
0.910797
0.910803
0.910816
0.910839
0.910879
0.910936
0.91101
0.911097
0.911193
0.911291
0.911389
0.911482
0.911566
0.911639
0.911701
0.91175
0.911787
0.911815
0.911835
0.91185
0.911862
0.911876
0.911892
0.911912
0.911938
0.91197
0.912008
0.91205
0.912096
0.912143
0.912191
0.912238
0.912282
0.912324
0.912361
0.912393
0.912421
0.912442
0.912458
0.912468
0.912473
0.912473
0.912468
0.912459
0.912447
0.912432
0.912414
0.912394
0.912373
0.91235
0.912326
0.9123
0.912273
0.912244
0.912213
0.91218
0.912145
0.912109
0.912071
0.912032
0.911993
0.911954
0.911917
0.911881
0.911847
0.911816
0.911789
0.911766
0.911746
0.911731
0.91172
0.911712
0.911708
0.911706
0.911707
0.91171
0.911714
0.911719
0.911724
0.911728
0.911731
0.911732
0.911732
0.911731
0.911728
0.911723
0.911716
0.911709
0.9117
0.911691
0.911681
0.911672
0.911664
0.911657
0.911651
0.911647
0.911645
0.911646
0.911649
0.911655
0.911665
0.911677
0.911693
0.911712
0.911734
0.91176
0.911788
0.911819
0.911853
0.91189
0.911928
0.911969
0.912011
0.912054
0.912098
0.912143
0.912187
0.912231
0.912274
0.912316
0.912357
0.912395
0.912431
0.912465
0.912496
0.912524
0.91255
0.912572
0.912591
0.912608
0.912621
0.912632
0.91264
0.912646
0.912649
0.91265
0.912649
0.912646
0.912641
0.912635
0.912628
0.912619
0.912609
0.912599
0.912587
0.912575
0.912563
0.912549
0.912536
0.912522
0.912508
0.912493
0.912479
0.912464
0.912449
0.912434
0.912418
0.912403
0.912388
0.912372
0.912357
0.912341
0.912326
0.91231
0.912294
0.912279
0.912263
0.912247
0.912232
0.912216
0.912201
0.912186
0.912171
0.912157
0.912143
0.912129
0.912116
0.912104
0.912093
0.912082
0.912072
0.912064
0.912056
0.912049
0.912044
0.91204
0.912036
0.912035
0.912034
0.912034
0.912036
0.912039
0.912043
0.912048
0.912054
0.91206
0.912068
0.912076
0.912085
0.912094
0.912104
0.912115
0.912125
0.912136
0.912148
0.912159
0.91217
0.912181
0.912193
0.912204
0.912215
0.912227
0.912238
0.912249
0.91226
0.912272
0.912283
0.912294
0.912306
0.912318
0.91233
0.912342
0.912354
0.912367
0.91238
0.912393
0.912407
0.912421
0.912435
0.912449
0.912464
0.912479
0.912494
0.912509
0.912524
0.912539
0.912554
0.912568
0.912583
0.912596
0.91261
0.912623
0.912635
0.912647
0.912658
0.912668
0.912677
0.912685
0.912693
0.912699
0.912704
0.912709
0.912712
0.912715
0.912716
0.912716
0.912715
0.912714
0.912711
0.912707
0.912703
0.912697
0.912691
0.912683
0.912675
0.912666
0.912656
0.912646
0.912635
0.912623
0.912611
0.912598
0.912584
0.91257
0.912555
0.912541
0.912525
0.91251
0.912494
0.912478
0.912461
0.912445
0.912429
0.912413
0.912397
0.912381
0.912365
0.91235
0.912335
0.91232
0.912307
0.912294
0.912281
0.91227
0.912259
0.912249
0.912241
0.912233
0.912227
0.912222
0.912218
0.912215
0.912214
0.912214
0.912215
0.912218
0.912222
0.912227
0.912233
0.912241
0.91225
0.912261
0.912272
0.912285
0.912299
0.912313
0.912329
0.912345
0.912362
0.91238
0.912398
0.912417
0.912436
0.912456
0.912475
0.912495
0.912515
0.912535
0.912555
0.912574
0.912594
0.912612
0.912631
0.912649
0.912666
0.912683
0.912699
0.912714
0.912729
0.912742
0.912755
0.912767
0.912778
0.912788
0.912797
0.912806
0.912813
0.912819
0.912825
0.912829
0.912832
0.912835
0.912836
0.912837
0.912836
0.912835
0.912833
0.91283
0.912826
0.912821
0.912816
0.91281
0.912803
0.912795
0.912787
0.912779
0.91277
0.91276
0.91275
0.91274
0.91273
0.912719
0.912708
0.912696
0.912685
0.912674
0.912663
0.912651
0.91264
0.912629
0.912618
0.912608
0.912597
0.912587
0.912578
0.912568
0.91256
0.912551
0.912543
0.912535
0.912528
0.912522
0.912516
0.91251
0.912505
0.912501
0.912497
0.912493
0.91249
0.912488
0.912486
0.912485
0.912484
0.912483
0.912484
0.912484
0.912485
0.912487
0.912489
0.912491
0.912494
0.912497
0.912501
0.912505
0.912509
0.912514
0.912519
0.912525
0.912531
0.912537
0.912544
0.91255
0.912558
0.912565
0.912573
0.912581
0.912589
0.912597
0.912606
0.912615
0.912624
0.912633
0.912642
0.912652
0.912661
0.912671
0.912681
0.91269
0.9127
0.91271
0.912719
0.912729
0.912739
0.912748
0.912757
0.912766
0.912775
0.912784
0.912792
0.912801
0.912808
0.912816
0.912823
0.91283
0.912837
0.912843
0.912849
0.912854
0.912859
0.912863
0.912867
0.91287
0.912873
0.912876
0.912878
0.912879
0.91288
0.91288
0.91288
0.912879
0.912877
0.912876
0.912873
0.91287
0.912867
0.912863
0.912858
0.912853
0.912848
0.912842
0.912836
0.912829
0.912822
0.912815
0.912807
0.9128
0.912791
0.912783
0.912774
0.912766
0.912757
0.912748
0.912739
0.91273
0.912721
0.912712
0.912703
0.912694
0.912686
0.912678
0.91267
0.912662
0.912655
0.912648
0.912641
0.912635
0.912629
0.912624
0.912619
0.912615
0.912611
0.912608
0.912606
0.912604
0.912602
0.912602
0.912602
0.912602
0.912603
0.912605
0.912607
0.91261
0.912614
0.912618
0.912623
0.912628
0.912634
0.91264
0.912647
0.912654
0.912662
0.91267
0.912678
0.912687
0.912696
0.912706
0.912715
0.912725
0.912735
0.912746
0.912756
0.912766
0.912777
0.912787
0.912797
0.912807
0.912818
0.912828
0.912837
0.912847
0.912856
0.912865
0.912874
0.912882
0.91289
0.912898
0.912905
0.912912
0.912918
0.912924
0.912929
0.912934
0.912938
0.912942
0.912945
0.912947
0.91295
0.912951
0.912952
0.912952
0.912952
0.912952
0.912951
0.912949
0.912947
0.912944
0.912941
0.912937
0.912933
0.912929
0.912924
0.912919
0.912914
0.912908
0.912902
0.912896
0.912889
0.912883
0.912876
0.912869
0.912862
0.912855
0.912848
0.912841
0.912834
0.912827
0.91282
0.912813
0.912806
0.912799
0.912793
0.912787
0.912781
0.912775
0.91277
0.912765
0.91276
0.912755
0.912751
0.912747
0.912743
0.91274
0.912738
0.912735
0.912733
0.912732
0.91273
0.91273
0.912729
0.912729
0.91273
0.91273
0.912732
0.912733
0.912735
0.912737
0.91274
0.912743
0.912746
0.91275
0.912754
0.912758
0.912762
0.912767
0.912772
0.912777
0.912783
0.912788
0.912794
0.9128
0.912806
0.912812
0.912818
0.912824
0.912831
0.912837
0.912843
0.91285
0.912856
0.912862
0.912869
0.912875
0.912881
0.912887
0.912893
0.912899
0.912904
0.91291
0.912915
0.91292
0.912925
0.91293
0.912934
0.912939
0.912943
0.912947
0.91295
0.912953
0.912957
0.912959
0.912962
0.912964
0.912966
0.912968
0.912969
0.91297
0.912971
0.912972
0.912972
0.912972
0.912972
0.912971
0.91297
0.912969
0.912968
0.912966
0.912964
0.912962
0.91296
0.912957
0.912955
0.912952
0.912948
0.912945
0.912941
0.912938
0.912934
0.91293
0.912926
0.912921
0.912917
0.912912
0.912908
0.912903
0.912899
0.912894
0.912889
0.912885
0.91288
0.912875
0.912871
0.912866
0.912862
0.912858
0.912854
0.91285
0.912846
0.912842
0.912839
0.912835
0.912832
0.912829
0.912827
0.912825
0.912822
0.912821
0.912819
0.912818
0.912817
0.912816
0.912816
0.912816
0.912817
0.912817
0.912818
0.91282
0.912821
0.912823
0.912826
0.912828
0.912831
0.912834
0.912838
0.912842
0.912846
0.91285
0.912854
0.912859
0.912864
0.912869
0.912875
0.91288
0.912886
0.912892
0.912897
0.912903
0.912909
0.912915
0.912921
0.912927
0.912933
0.912939
0.912945
0.912951
0.912956
0.912962
0.912967
0.912973
0.912977
0.912982
0.912987
0.912991
0.912995
0.912999
0.913002
0.913006
0.913008
0.913011
0.913013
0.913015
0.913017
0.913018
0.913019
0.913019
0.91302
0.913019
0.913019
0.913018
0.913017
0.913016
0.913014
0.913012
0.91301
0.913007
0.913004
0.913001
0.912998
0.912995
0.912991
0.912987
0.912983
0.912979
0.912975
0.912971
0.912966
0.912962
0.912957
0.912953
0.912948
0.912944
0.912939
0.912935
0.912931
0.912927
0.912922
0.912918
0.912915
0.912911
0.912907
0.912904
0.912901
0.912898
0.912895
0.912893
0.912891
0.912889
0.912887
0.912885
0.912884
0.912883
0.912882
0.912882
0.912882
0.912882
0.912882
0.912882
0.912883
0.912884
0.912885
0.912887
0.912888
0.91289
0.912892
0.912895
0.912897
0.9129
0.912903
0.912906
0.912909
0.912912
0.912915
0.912919
0.912922
0.912926
0.91293
0.912934
0.912937
0.912941
0.912945
0.912949
0.912953
0.912957
0.912961
0.912965
0.912968
0.912972
0.912976
0.91298
0.912983
0.912986
0.91299
0.912993
0.912996
0.912999
0.913002
0.913005
0.913008
0.91301
0.913012
0.913015
0.913017
0.913019
0.91302
0.913022
0.913023
0.913024
0.913025
0.913026
0.913027
0.913028
0.913028
0.913028
0.913028
0.913028
0.913028
0.913027
0.913027
0.913026
0.913025
0.913024
0.913023
0.913021
0.91302
0.913018
0.913016
0.913015
0.913013
0.91301
0.913008
0.913006
0.913004
0.913001
0.912999
0.912996
0.912993
0.912991
0.912988
0.912985
0.912982
0.91298
0.912977
0.912974
0.912971
0.912969
0.912966
0.912963
0.912961
0.912958
0.912956
0.912954
0.912951
0.912949
0.912947
0.912946
0.912944
0.912942
0.912941
0.91294
0.912938
0.912937
0.912937
0.912936
0.912936
0.912935
0.912935
0.912935
0.912936
0.912936
0.912937
0.912938
0.912939
0.91294
0.912941
0.912943
0.912945
0.912947
0.912949
0.912951
0.912953
0.912956
0.912959
0.912961
0.912964
0.912967
0.912971
0.912974
0.912977
0.91298
0.912984
0.912987
0.912991
0.912994
0.912997
0.913001
0.913004
0.913008
0.913011
0.913014
0.913018
0.913021
0.913024
0.913027
0.91303
0.913032
0.913035
0.913037
0.91304
0.913042
0.913044
0.913046
0.913047
0.913049
0.91305
0.913051
0.913052
0.913053
0.913053
0.913054
0.913054
0.913054
0.913054
0.913053
0.913053
0.913052
0.913051
0.91305
0.913048
0.913047
0.913046
0.913044
0.913042
0.91304
0.913038
0.913036
0.913034
0.913031
0.913029
0.913026
0.913024
0.913021
0.913019
0.913016
0.913014
0.913011
0.913008
0.913006
0.913003
0.913001
0.912998
0.912996
0.912994
0.912991
0.912989
0.912987
0.912985
0.912984
0.912982
0.91298
0.912979
0.912978
0.912976
0.912975
0.912974
0.912974
0.912973
0.912973
0.912972
0.912972
0.912972
0.912972
0.912973
0.912973
0.912974
0.912975
0.912976
0.912977
0.912978
0.912979
0.91298
0.912982
0.912984
0.912985
0.912987
0.912989
0.912991
0.912993
0.912995
0.912997
0.913
0.913002
0.913004
0.913007
0.913009
0.913012
0.913014
0.913016
0.913019
0.913021
0.913024
0.913026
0.913028
0.913031
0.913033
0.913035
0.913037
0.913039
0.913041
0.913043
0.913045
0.913047
0.913048
0.91305
0.913052
0.913053
0.913054
0.913055
0.913056
0.913057
0.913058
0.913059
0.91306
0.91306
0.91306
0.913061
0.913061
0.913061
0.913061
0.913061
0.91306
0.91306
0.913059
0.913059
0.913058
0.913057
0.913056
0.913055
0.913054
0.913053
0.913052
0.913051
0.913049
0.913048
0.913047
0.913045
0.913044
0.913042
0.91304
0.913039
0.913037
0.913035
0.913034
0.913032
0.91303
0.913029
0.913027
0.913025
0.913024
0.913022
0.91302
0.913019
0.913018
0.913016
0.913015
0.913013
0.913012
0.913011
0.91301
0.913009
0.913008
0.913007
0.913007
0.913006
0.913005
0.913005
0.913005
0.913004
0.913004
0.913004
0.913004
0.913004
0.913005
0.913005
0.913006
0.913006
0.913007
0.913008
0.913009
0.91301
0.913011
0.913012
0.913013
0.913014
0.913016
0.913017
0.913019
0.913021
0.913022
0.913024
0.913026
0.913028
0.913029
0.913031
0.913033
0.913035
0.913037
0.913039
0.913041
0.913043
0.913045
0.913047
0.913049
0.91305
0.913052
0.913054
0.913056
0.913057
0.913059
0.91306
0.913062
0.913063
0.913065
0.913066
0.913067
0.913068
0.913069
0.91307
0.913071
0.913071
0.913072
0.913072
0.913073
0.913073
0.913073
0.913073
0.913073
0.913073
0.913073
0.913072
0.913072
0.913071
0.91307
0.91307
0.913069
0.913068
0.913067
0.913066
0.913065
0.913064
0.913062
0.913061
0.91306
0.913058
0.913057
0.913055
0.913054
0.913052
0.913051
0.913049
0.913048
0.913046
0.913045
0.913043
0.913042
0.91304
0.913039
0.913037
0.913036
0.913035
0.913034
0.913033
0.913031
0.91303
0.91303
0.913029
0.913028
0.913027
0.913027
0.913026
0.913026
0.913025
0.913025
0.913025
0.913025
0.913025
0.913025
0.913025
0.913025
0.913026
0.913026
0.913027
0.913028
0.913028
0.913029
0.91303
0.913031
0.913032
0.913033
0.913034
0.913035
0.913037
0.913038
0.913039
0.913041
0.913042
0.913044
0.913045
0.913047
0.913048
0.91305
0.913051
0.913053
0.913054
0.913056
0.913057
0.913059
0.91306
0.913061
0.913063
0.913064
0.913065
0.913067
0.913068
0.913069
0.91307
0.913071
0.913072
0.913073
0.913074
0.913075
0.913075
0.913076
0.913076
0.913077
0.913077
0.913078
0.913078
0.913078
0.913078
0.913078
0.913078
0.913078
0.913078
0.913078
0.913077
0.913077
0.913077
0.913076
0.913076
0.913075
0.913074
0.913074
0.913073
0.913072
0.913071
0.913071
0.91307
0.913069
0.913068
0.913067
0.913066
0.913065
0.913064
0.913063
0.913062
0.913061
0.91306
0.913059
0.913058
0.913057
0.913056
0.913055
0.913054
0.913053
0.913052
0.913051
0.91305
0.91305
0.913049
0.913048
0.913048
0.913047
0.913046
0.913046
0.913045
0.913045
0.913045
0.913044
0.913044
0.913044
0.913044
0.913044
0.913044
0.913044
0.913044
0.913044
0.913045
0.913045
0.913045
0.913046
0.913046
0.913047
0.913047
0.913048
0.913049
0.913049
0.91305
0.913051
0.913052
0.913053
0.913054
0.913055
0.913056
0.913057
0.913058
0.913059
0.91306
0.913061
0.913062
0.913063
0.913065
0.913066
0.913067
0.913068
0.913069
0.91307
0.913071
0.913072
0.913073
0.913074
0.913075
0.913076
0.913077
0.913078
0.913079
0.913079
0.91308
0.913081
0.913081
0.913082
0.913082
0.913083
0.913083
0.913084
0.913084
0.913084
0.913084
0.913084
0.913084
0.913084
0.913084
0.913084
0.913084
0.913084
0.913083
0.913083
0.913082
0.913082
0.913081
0.913081
0.91308
0.913079
0.913079
0.913078
0.913077
0.913076
0.913076
0.913075
0.913074
0.913073
0.913072
0.913071
0.91307
0.913069
0.913069
0.913068
0.913067
0.913066
0.913065
0.913064
0.913063
0.913063
0.913062
0.913061
0.91306
0.91306
0.913059
0.913059
0.913058
0.913058
0.913057
0.913057
0.913056
0.913056
0.913056
0.913056
0.913056
0.913056
0.913056
0.913056
0.913056
0.913056
0.913056
0.913057
0.913057
0.913057
0.913058
0.913058
0.913059
0.913059
0.91306
0.91306
0.913061
0.913062
0.913063
0.913063
0.913064
0.913065
0.913066
0.913067
0.913068
0.913068
0.913069
0.91307
0.913071
0.913072
0.913073
0.913074
0.913075
0.913076
0.913077
0.913077
0.913078
0.913079
0.91308
0.913081
0.913081
0.913082
0.913083
0.913083
0.913084
0.913084
0.913085
0.913085
0.913086
0.913086
0.913086
0.913087
0.913087
0.913087
0.913087
0.913087
0.913088
0.913088
0.913088
0.913087
0.913087
0.913087
0.913087
0.913087
0.913087
0.913086
0.913086
0.913086
0.913085
0.913085
0.913084
0.913084
0.913083
0.913083
0.913082
0.913082
0.913081
0.91308
0.91308
0.913079
0.913079
0.913078
0.913077
0.913077
0.913076
0.913075
0.913075
0.913074
0.913074
0.913073
0.913073
0.913072
0.913071
0.913071
0.91307
0.91307
0.91307
0.913069
0.913069
0.913068
0.913068
0.913068
0.913067
0.913067
0.913067
0.913067
0.913067
0.913067
0.913067
0.913067
0.913067
0.913067
0.913067
0.913067
0.913067
0.913067
0.913068
0.913068
0.913068
0.913069
0.913069
0.913069
0.91307
0.91307
0.913071
0.913071
0.913072
0.913072
0.913073
0.913073
0.913074
0.913075
0.913075
0.913076
0.913077
0.913077
0.913078
0.913079
0.913079
0.91308
0.913081
0.913081
0.913082
0.913083
0.913083
0.913084
0.913084
0.913085
0.913085
0.913086
0.913087
0.913087
0.913087
0.913088
0.913088
0.913089
0.913089
0.913089
0.91309
0.91309
0.91309
0.91309
0.91309
0.91309
0.913091
0.913091
0.913091
0.913091
0.91309
0.91309
0.91309
0.91309
0.91309
0.91309
0.913089
0.913089
0.913089
0.913088
0.913088
0.913088
0.913087
0.913087
0.913086
0.913086
0.913085
0.913085
0.913084
0.913084
0.913083
0.913083
0.913082
0.913082
0.913081
0.913081
0.91308
0.91308
0.913079
0.913079
0.913078
0.913078
0.913077
0.913077
0.913077
0.913076
0.913076
0.913075
0.913075
0.913075
0.913075
0.913074
0.913074
0.913074
0.913074
0.913074
0.913074
0.913074
0.913074
0.913074
0.913074
0.913074
0.913074
0.913074
0.913074
0.913075
0.913075
0.913075
0.913075
0.913076
0.913076
0.913076
0.913077
0.913077
0.913078
0.913078
0.913079
0.913079
0.91308
0.91308
0.913081
0.913081
0.913082
0.913082
0.913083
0.913083
0.913084
0.913084
0.913085
0.913085
0.913086
0.913086
0.913087
0.913087
0.913088
0.913088
0.913089
0.913089
0.91309
0.91309
0.91309
0.913091
0.913091
0.913091
0.913091
0.913092
0.913092
0.913092
0.913092
0.913092
0.913092
0.913093
0.913093
0.913093
0.913093
0.913093
0.913093
0.913092
0.913092
0.913092
0.913092
0.913092
0.913092
0.913091
0.913091
0.913091
0.913091
0.91309
0.91309
0.91309
0.913089
0.913089
0.913089
0.913088
0.913088
0.913088
0.913087
0.913087
0.913086
0.913086
0.913086
0.913085
0.913085
0.913084
0.913084
0.913084
0.913083
0.913083
0.913083
0.913082
0.913082
0.913082
0.913082
0.913081
0.913081
0.913081
0.913081
0.913081
0.91308
0.91308
0.91308
0.91308
0.91308
0.91308
0.91308
0.91308
0.91308
0.91308
0.91308
0.91308
0.91308
0.91308
0.913081
0.913081
0.913081
0.913081
0.913081
0.913082
0.913082
0.913082
0.913082
0.913083
0.913083
0.913083
0.913084
0.913084
0.913084
0.913085
0.913085
0.913086
0.913086
0.913086
0.913087
0.913087
0.913088
0.913088
0.913088
0.913089
0.913089
0.91309
0.91309
0.91309
0.913091
0.913091
0.913091
0.913092
0.913092
0.913092
0.913092
0.913093
0.913093
0.913093
0.913093
0.913093
0.913094
0.913094
0.913094
0.913094
0.913094
0.913094
0.913094
0.913094
0.913094
0.913094
0.913094
0.913094
0.913094
0.913094
0.913094
0.913094
0.913093
0.913093
0.913093
0.913093
0.913093
0.913092
0.913092
0.913092
0.913092
0.913091
0.913091
0.913091
0.91309
0.91309
0.91309
0.91309
0.913089
0.913089
0.913089
0.913088
0.913088
0.913088
0.913087
0.913087
0.913087
0.913087
0.913086
0.913086
0.913086
0.913086
0.913085
0.913085
0.913085
0.913085
0.913085
0.913085
0.913084
0.913084
0.913084
0.913084
0.913084
0.913084
0.913084
0.913084
0.913084
0.913084
0.913084
0.913084
0.913084
0.913085
0.913085
0.913085
0.913085
0.913085
0.913085
0.913086
0.913086
0.913086
0.913086
0.913087
0.913087
0.913087
0.913088
0.913088
0.913088
0.913088
0.913089
0.913089
0.913089
0.91309
0.91309
0.91309
0.913091
0.913091
0.913091
0.913092
0.913092
0.913092
0.913092
0.913093
0.913093
0.913093
0.913093
0.913094
0.913094
0.913094
0.913094
0.913095
0.913095
0.913095
0.913095
0.913095
0.913095
0.913095
0.913095
0.913095
0.913095
0.913095
0.913095
0.913095
0.913095
0.913095
0.913095
0.913095
0.913095
0.913095
0.913095
0.913095
0.913094
0.913094
0.913094
0.913094
0.913094
0.913094
0.913093
0.913093
0.913093
0.913093
0.913092
0.913092
0.913092
0.913092
0.913092
0.913091
0.913091
0.913091
0.913091
0.91309
0.91309
0.91309
0.91309
0.91309
0.913089
0.913089
0.913089
0.913089
0.913089
0.913088
0.913088
0.913088
0.913088
0.913088
0.913088
0.913088
0.913088
0.913088
0.913088
0.913088
0.913088
0.913088
0.913088
0.913088
0.913088
0.913088
0.913088
0.913088
0.913088
0.913088
0.913088
0.913088
0.913089
0.913089
0.913089
0.913089
0.913089
0.913089
0.91309
0.91309
0.91309
0.91309
0.91309
0.913091
0.913091
0.913091
0.913091
0.913092
0.913092
0.913092
0.913092
0.913093
0.913093
0.913093
0.913093
0.913093
0.913094
0.913094
0.913094
0.913094
0.913094
0.913095
0.913095
0.913095
0.913095
0.913095
0.913095
0.913096
0.913096
0.913096
0.913096
0.913096
0.913096
0.913096
0.913096
0.913096
0.913096
0.913096
0.913096
0.913096
0.913096
0.913096
0.913096
0.913096
0.913096
0.913096
0.913096
0.913096
0.913095
0.913095
0.913095
0.913095
0.913095
0.913095
0.913095
0.913094
0.913094
0.913094
0.913094
0.913094
0.913094
0.913093
0.913093
0.913093
0.913093
0.913093
0.913092
0.913092
0.913092
0.913092
0.913092
0.913092
0.913091
0.913091
0.913091
0.913091
0.913091
0.913091
0.913091
0.913091
0.91309
0.91309
0.91309
0.91309
0.91309
0.91309
0.91309
0.91309
0.91309
0.91309
0.91309
0.91309
0.91309
0.91309
0.91309
0.91309
0.913091
0.913091
0.913091
0.913091
0.913091
0.913091
0.913091
0.913091
0.913091
0.913092
0.913092
