
Primal Tolerance: 
116.619
95.0856
62.1356
20.9488
15.0057
40.1989
52.4512
51.7685
40.866
24.0077
5.65821
10.1293
20.7304
25.0642
23.5179
17.5778
9.31171
0.822611
6.12433
10.4552
11.8267
10.5585
7.43336
3.44797
0.43139
3.44978
5.17521
5.5208
4.693
3.09188
1.1916
0.566494
1.85862
2.51962
2.54385
2.05449
1.25214
0.359634
0.426833
0.971273
1.21318
1.16441
0.89267
0.496966
0.0813431
0.266971
0.491698
0.572564
0.522394
0.377464
0.185669
0.00531036
0.157474
0.248183
0.271589
0.236348
0.161253
0.0693168
0.0176816
0.0833067
0.118696
0.122828
1.02039
1.65517
1.83673
1.62092
1.12598
0.504416
0.110193
0.557881
0.811899
0.853017
0.715657
0.463485
0.174006
0.103783
0.296481
0.39427
0.394277
0.315656
0.189794
0.0445349
0.075426
0.155824
0.18866
0.177133
0.13261
0.0711006
0.0120122
0.0442034
0.077931
0.0898797
0.0816214
0.0586227
0.0275098
0.00363732
0.0262542
0.0388998
0.041064
0.0346837
0.0228494
0.011802
0.0060675
0.013333
0.0191075
0.0206847
0.0181214
0.0123771
0.00431242
0.00314774
0.00736572
0.00894398
0.00842011
0.006436
0.00377011
0.00298346
0.00259617
0.00362221
0.0052186
0.00610597
0.00597886
0.00466317
0.00216041
0.00142662
0.00257534
0.00213364
0.00181471
0.00161119
0.00160955
0.00236927
0.00230994
0.00218442
0.00178783
0.0008222
0.00288333
0.00296073
0.000363276
0.00181995
0.0012314
0.00156078
0.00335714
0.00476334
0.00524454
0.00423091
0.00193931
0.00437091
0.00541105
0.0031628
0.000290204
0.000229024
0.00204681
0.00454038
0.00451957
0.00484289
0.003937
0.111171
0.0935106
0.0554049
0.0118445
0.0231812
0.0487559
0.0604598
0.0579135
0.0439334
0.0223098
0.0100411
0.0240348
0.0290341
0.0264554
0.0195265
0.0122361
0.0067267
0.00287046
0.0108143
0.0155553
0.0171052
0.0147062
0.0090161
0.00183409
0.0078832
0.0086068
0.0063366
0.00350302
0.00651381
0.00294418
0.00159002
0.00466984
0.00722373
0.00846458
0.00747989
0.0047097
0.000658282
0.00551802
0.00510484
0.00254075
0.000155133
0.00455419
0.00118536
0.00264161
0.00503531
0.00668984
0.00688235
0.00519448
0.00189617
0.0199789
0.0171179
0.00977951
0.00177175
0.00233422
0.00776527
0.0115278
0.0124467
0.0105672
0.00628325
0.00449903
0.00841203
0.00750166
0.00435133
0.0015903
0.00245253
0.00105297
0.00443061
0.0052853
0.00658543
0.00612005
0.00194019
0.00129288
0.00849794
0.00587131
0.00216034
0.00118035
0.0033161
0.00556623
0.00677444
0.00608111
0.00405209
4.58806e-05
0.00531429
0.00486015
0.00209769
0.000378199
0.00313938
2.59531e-05
0.00319878
0.00512752
0.00652576
0.00619648
0.00404745
0.000508291
0.0108833
0.00915229
0.00464479
0.00016536
0.00122487
0.00454432
0.00722314
0.00785917
0.0068619
0.00421104
0.0043287
0.00781823
0.00613302
0.00262853
6.21462e-05
0.00159192
0.00430002
0.00640818
0.0066488
0.00552622
0.00294942
0.0142268
0.0138801
0.00862109
0.00219588
0.0195872
0.0102345
0.000346202
0.00868508
0.0139709
0.0163705
0.014856
0.0100615
0.00191038
0.00701233
0.00868391
0.00693851
0.00406311
0.00320776
0.0012274
0.00217537
0.00337637
0.00559647
0.00662325
0.00520762
0.00337172
0.000918372
0.00271263
0.00242962
0.000489553
0.000809218
0.00223229
0.000336533
0.00252244
0.00408295
0.00524471
0.00494677
0.00317753
0.000183997
0.00946603
0.00766761
0.00339641
0.000588868
0.0020525
0.00489954
0.00694748
0.00687846
0.00556254
0.00269728
0.0576722
0.0467496
0.0266824
0.00495729
0.0117979
0.0246132
0.0309067
0.029897
0.0227606
0.0109972
0.0154184
0.0201996
0.0185147
0.0129047
0.00761739
0.00585628
0.00124257
0.00739745
0.0100246
0.0121067
0.011166
0.00695065
0.00106801
0.00759733
0.00765778
0.00502144
0.00193157
0.0739136
0.0541957
0.0265697
0.000983109
0.0221572
0.0358936
0.0405968
0.0360789
0.0246615
0.00720517
0.00823886
0.0158303
0.0174694
0.0149562
0.0104878
0.00966477
0.00489117
0.00189003
0.00158066
0.00665719
0.0101672
0.00849246
0.00764487
0.00480999
0.000447082
0.00554141
0.00532376
0.00286358
0.000384748
0.0119521
0.00695014
0.000633148
0.0044532
0.00776128
0.00992493
0.009643
0.00697197
0.00233351
0.0194883
0.017196
0.0104877
0.00286697
0.000242461
0.00590433
0.0102448
0.0122497
0.0112656
0.00778314
0.0014271
0.0072839
0.00801183
0.00557628
0.002458
0.00514751
0.0017403
0.00243988
0.00499327
0.00712314
0.00775075
0.00627305
0.00326273
0.0050393
0.00663763
0.00468818
0.00157333
0.000488821
0.00154646
0.00419806
0.00590464
0.00630336
0.00524008
0.0025154
0.00741051
0.00852399
0.00537508
0.0013273
0.00155548
0.00179137
0.0052
0.00344541
0.004852
0.00480843
0.00384336
0.00168826
0.0641278
0.0509072
0.0282041
0.00415581
0.0145666
0.028236
0.0344744
0.0326357
0.0242403
0.0108753
0.0093805
0.0161888
0.0170094
0.0136939
0.00904658
0.01419
0.00722851
0.00111288
0.00733353
0.0120322
0.0142593
0.012998
0.00889626
0.00174914
0.00683242
0.00807819
0.00608958
0.0031911
0.00324287
0.000804761
0.0025822
0.0314585
0.0210965
0.00843437
0.00365151
0.0122845
0.0177851
0.019219
0.01627
0.00988946
0.00310721
0.00908901
0.00980665
0.00735326
0.00426313
0.00784322
0.00372275
0.0014216
0.00507853
0.00797649
0.00942313
0.00845096
0.00547997
5.11683e-05
0.00596472
0.00585692
0.0032513
0.000681683
0.0298154
0.0205434
0.00811756
0.00341215
0.0115908
0.0169628
0.0184554
0.0157065
0.00964022
0.00247356
0.00850762
0.00930989
0.00698372
0.00402105
0.00658314
0.00292251
0.00170934
0.00466359
0.00733132
0.00861594
0.00760896
0.0048749
0.00046269
0.00536813
0.00509952
0.0025933
0.000237947
0.0085799
0.00432363
0.000838565
0.00468308
0.00717019
0.00857259
0.00777993
0.00492494
9.98636e-05
0.0064634
0.00598933
0.00312944
0.000369249
0.00463347
0.00107985
0.0028818
0.00533917
0.0070357
0.00714636
0.00531878
0.00186862
0.0372108
0.0302781
0.0171184
0.00302643
0.00718477
0.0157421
0.0203944
0.0201677
0.0156522
0.00771646
0.0505947
0.0445463
0.0292218
0.0107214
0.00275308
0.0159207
0.0243074
0.0267595
0.0231955
0.0150314
0.000899918
0.00861597
0.0119413
0.0109004
0.0079511
0.00523983
0.00600622
0.00140836
0.00317488
0.00296733
0.00633149
0.00793362
4.93694e-05
4.32208e-05
0.00159168
0.000367001
0.00185507
3.90709e-05
0.0023837
0.00382247
0.00504959
0.00487084
0.00312382
0.000423596
0.015512
0.0123083
0.00605334
0.000102182
0.00365643
0.00753151
0.0100332
0.00986836
0.00756109
0.00324973
0.0339984
0.0288525
0.0173541
0.00441759
0.00439916
0.0128822
0.0180737
0.0189255
0.0156106
0.00897526
0.00914069
0.0131815
0.0118139
0.00754798
0.00386669
0.00320632
0.00161496
0.00583823
0.00613868
0.00778662
0.00733325
0.00546662
0.00688199
0.0134464
0.00784213
0.004012
0.0014797
0.00619983
0.00924721
0.0106327
0.00941127
0.00584635
0.000777529
0.00625943
0.00612117
0.00360597
0.00105975
0.024034
0.0161402
0.00569661
0.00382426
0.0104257
0.0147463
0.0157247
0.0130674
0.00753373
0.00579459
0.00983914
0.00904615
0.00574787
0.00274523
0.00489868
0.000608893
0.0037027
0.0059589
0.00804933
0.00811442
0.00584582
0.00236459
0.0727717
0.0575062
0.032486
0.0057769
0.0154519
0.0308677
0.0379741
0.0361803
0.0271264
0.0127463
0.0101897
0.0178832
0.0190688
0.0155891
0.0104048
0.01208
0.00529802
0.00263963
0.00564158
0.0104368
0.0128122
0.0116449
0.00846195
0.00255282
0.00548714
0.00704107
0.00538251
0.00273021
0.00196041
0.000199039
0.00267783
0.00388777
0.00570388
0.0059618
0.00397688
0.00176405
0.0120422
0.0100314
0.0054612
0.000397495
0.00165988
0.00516249
0.00791308
0.00853327
0.00728953
0.00430543
0.00521734
0.00804055
0.00621714
0.00268883
0.000300127
0.00149981
0.00430787
0.0064335
0.00685719
0.00576894
0.00315467
0.00720536
0.00877247
0.00593353
0.00185396
0.000741248
0.0022585
0.00540692
0.00711483
0.00738151
0.005915
0.00239076
0.0147979
0.0138826
0.008348
0.00199378
0.00459676
0.0012552
0.00668148
0.00923937
0.0106197
0.00941842
0.00548758
0.00108085
0.00652799
0.00610153
0.00350932
0.000923509
0.006093
0.00232146
0.00205548
0.00506635
0.00711878
0.00780264
0.0064666
0.0033258
0.00445063
0.00658124
0.00476981
0.00174343
7.62746e-05
0.00167873
0.00414407
0.00598452
0.00615769
0.00498284
0.0023996
0.0191668
0.0171008
0.0100469
0.00202738
0.000789031
0.00655746
0.0108526
0.0125171
0.0112519
0.00749734
0.000235766
0.00673895
0.00732664
0.00492568
0.00213698
0.00593063
0.00240814
0.00188916
0.00484382
0.00704533
0.00791465
0.00671522
0.00377013
0.00270766
0.00573282
0.00456226
0.00188902
0.000153249
0.000826912
0.00314436
0.00511382
0.00541859
0.00482199
0.00295589
0.00792854
0.0106256
0.00716809
0.0021791
0.000719448
0.00405114
0.00711042
0.00864477
0.00798725
0.00552954
0.000714141
0.00725853
0.00708053
0.00405893
0.000866665
0.0208085
0.0133044
0.00369874
0.00468295
0.01036
0.0139155
0.0142764
0.0113469
0.00577506
0.0209312
0.0204116
0.014176
0.00589236
0.0204728
0.00957397
0.00219752
0.0111376
0.016675
0.0185313
0.0161062
0.0102218
0.000509901
0.0075638
0.00900662
0.00709056
0.00431029
0.00394384
0.00153371
0.00204376
0.000656745
0.00268049
0.0052307
0.00680278
0.00678536
0.00503826
0.00165183
0.233247
0.179677
0.0993269
0.0151047
0.0542855
0.100283
0.117949
0.108556
0.0788773
0.0369602
0.00709712
0.0363704
0.0512915
0.0521918
0.0426869
0.0275658
0.0417906
0.0186663
0.00512054
0.0227391
0.0336811
0.0364004
0.0310814
0.0198802
0.00102385
0.0107138
0.0157075
0.0152869
0.0119648
0.0078825
0.0223785
0.0134028
0.00247837
0.00723147
0.0138698
0.0174377
0.0169152
0.0126908
0.00538386
0.0177384
0.0181683
0.0134059
0.00659082
0.0237613
0.0133056
0.00103814
0.00908207
0.0157294
0.0189071
0.0176198
0.0125559
0.00410695
0.00816493
0.0106777
0.00918963
0.00587778
0.00377926
0.00244971
0.00151366
0.00462953
0.00643317
0.00770069
0.00692728
0.00399654
0.000526674
0.00588926
0.00498902
0.00223699
0.000261159
6.47007e-05
0.00235334
0.00458924
0.00583132
0.0056221
0.00403978
0.00066174
0.015217
0.0127944
0.00672917
0.000562651
0.00229801
0.00649098
0.00947119
0.00997166
0.0082996
0.004637
0.00892071
0.0107168
0.00789069
0.00338423
0.00183737
0.00148168
0.00519971
0.00724208
0.00818225
0.00713311
0.00391028
0.00238258
0.00624043
0.0050303
0.00224867
9.9644e-05
0.000749888
0.00311361
0.00518836
0.00559227
0.005025
0.00318186
0.00538783
0.00916096
0.00659238
0.00230785
0.000902569
0.00340964
0.00610822
0.0075804
0.00701906
0.00494078
0.000816765
0.00703389
0.00674899
0.00368807
0.000500558
0.0108705
0.00567423
0.000550656
0.00532
0.00838102
0.0100717
0.00923598
0.00609736
0.000651263
0.0069777
0.00698107
0.00427049
0.0018046
1.33453
0.99572
0.524786
0.0429656
0.350499
0.596296
0.674493
0.602107
0.423304
0.192281
0.0313482
0.200921
0.295317
0.311016
0.261553
0.170543
0.072652
0.0268233
0.102855
0.143978
0.148684
0.122498
0.0762192
0.00808714
0.0353701
0.0613756
0.0687761
0.0609234
0.0429871
0.0237202
0.0031439
0.0166354
0.0299783
0.0355603
0.0329311
0.0237946
0.00963097
0.00727414
0.0145256
0.0161668
0.0137517
0.00957468
0.00848203
0.00408446
0.00203727
0.00367179
0.00776517
0.0101505
0.00934351
0.00723291
0.00301934
0.00504629
0.00658152
0.00487583
0.00213504
0.00120731
0.000594503
0.00323305
0.00474989
0.00585388
0.00545126
0.003274
0.000211458
0.00766288
0.00618453
0.00267843
0.000530914
0.00154649
0.00399392
0.00583476
0.00578202
0.00479786
0.00247359
0.0597842
0.0484008
0.0275179
0.00493911
0.01261
0.0257868
0.0320773
0.0308105
0.0232929
0.0111149
0.0117225
0.0175882
0.0174097
0.013229
0.00828933
0.0555833
0.0379911
0.0153668
0.00634406
0.0222064
0.031495
0.0331942
0.0276852
0.016926
0.00401668
0.0132479
0.0161034
0.0141237
0.0100121
0.00678615
0.00379047
0.00174071
0.00619281
0.00920501
0.0106028
0.00938619
0.00589323
0.000479034
0.00584771
0.00590366
0.00360686
0.00122848
0.05738
0.0418603
0.0202153
0.00122675
0.0175284
0.028211
0.03193
0.0283617
0.01928
0.00501055
0.0074422
0.0129839
0.0136115
0.0111452
0.00756034
0.0137772
0.00801105
0.000456602
0.00583901
0.0103792
0.0129624
0.0123628
0.00898255
0.00316892
0.0108969
0.0114335
0.00822783
0.00378813
0.0105879
0.00501407
0.00157981
0.00648363
0.0097479
0.0111094
0.00976626
0.00610411
0.000795442
0.00600677
0.006105
0.00383541
0.00143959
0.0330397
0.0232465
0.00989739
0.00287186
0.0120945
0.0181575
0.0200097
0.0172785
0.0109958
0.000451384
0.00761212
0.00943634
0.00780032
0.00509087
0.00387955
0.00197351
0.00152875
0.00352864
0.00574945
0.00702922
0.00628177
0.00421956
0.000282357
0.00464713
0.00447762
0.00211901
0.000108889
0.0120232
0.00711261
0.000956005
0.00404635
0.00730838
0.00945813
0.00932283
0.00689221
0.00259732
0.0375012
0.031071
0.0183168
0.00427996
0.00597126
0.014835
0.0198699
0.0201556
0.0161064
0.00867651
0.0362685
0.0338467
0.0235275
0.0100743
0.00426384
0.00685976
0.0154408
0.0195712
0.0193725
0.0150387
0.00723552
0.0524674
0.0457266
0.0296808
0.0105626
0.00391313
0.0172342
0.0254064
0.0273812
0.0233052
0.0146747
0.00103044
0.00972644
0.0126175
0.0112398
0.00806718
0.00540944
0.00429913
0.000228658
0.00426479
0.00584757
0.00812323
0.00816906
0.0054221
0.00232923
0.0985344
0.0767469
0.0430601
0.0072873
0.0217168
0.0419043
0.050559
0.0474622
0.0351027
0.0163431
0.00735471
0.0189054
0.0231205
0.0212234
0.0158126
0.0101935
0.00690789
0.00105993
0.00797844
0.0120049
0.0141337
0.0128453
0.00853969
0.00149987
0.00648659
0.00765504
0.00584674
0.00317041
0.00323739
0.000995957
0.00222709
0.0215059
0.0136437
0.00438981
0.00412063
0.0099765
0.0136163
0.014168
0.0114685
0.00615083
0.011453
0.0133081
0.0103958
0.00540249
0.00358493
0.000333476
0.00486155
0.00733268
0.00911854
0.00858077
0.00569941
0.00121315
0.00870371
0.00820251
0.0049841
0.00136626
0.00644601
0.00210567
0.00270579
0.00589882
0.00800336
0.0084114
0.00670464
0.00316193
0.00957586
0.0100839
0.00674011
0.00231621
0.00854864
0.00335855
0.0025178
0.00661095
0.00925084
0.00998648
0.00829363
0.00450049
0.00493287
0.00752289
0.00607093
0.0030243
0.0009371
0.000358126
0.0031166
0.00532285
0.00649031
0.00604076
0.00407096
0.000130045
0.00752616
0.00666477
0.00329275
5.5196e-05
0.000874001
0.00209268
0.00490194
0.00599862
0.00619141
0.0048791
0.00105024
0.0171272
0.015025
0.00835914
0.00134107
0.00143447
0.0063864
0.00995657
0.0110361
0.00962947
0.00604276
0.00200357
0.00670088
0.0064741
0.00394381
0.00139972
0.0138513
0.00828538
0.00134778
0.00452262
0.00841732
0.010842
0.010689
0.00799994
0.00320926
0.037678
0.0316753
0.0191225
0.00504957
0.00514413
0.0142724
0.0196362
0.0202982
0.0165481
0.00935907
0.0131927
0.0164416
0.0140223
0.00859393
0.00465092
0.00102597
0.00428872
0.00817327
0.010446
0.0102713
0.00769743
0.00296029
0.0315704
0.0268893
0.0163201
0.00441112
0.00366263
0.0115938
0.0165385
0.0175181
0.0146109
0.00860446
0.0058808
0.0104053
0.0100043
0.00683377
0.00360916
0.0126432
0.00660813
0.000328143
0.0059661
0.00973568
0.0116944
0.0107712
0.00735012
0.00144588
0.00686746
0.00753486
0.00529309
0.00237524
0.00501971
0.00181687
0.00215914
0.00464636
0.00668082
0.00734557
0.0060373
0.00324129
0.00383797
0.00577642
0.0042708
0.00156514
7.42971e-05
0.00135073
0.00362204
0.00536655
0.0055997
0.00463335
0.00238226
0.0113813
0.0112608
0.00687195
0.00159196
0.0481365
0.0328865
0.0131439
0.00525705
0.0186275
0.026634
0.0282715
0.0237007
0.014527
0.00334031
0.0114561
0.0137293
0.0117622
0.00811924
0.00585694
0.00298619
0.0018416
0.00534404
0.00810689
0.00937575
0.0082599
0.0052087
0.000595935
0.00540024
0.00528148
0.00298747
0.000726471
0.0224758
0.0151433
0.00541489
0.00343915
0.00958317
0.0136366
0.0146051
0.0121876
0.0070909
0.00479179
0.00876143
0.00821734
0.00530822
0.00254449
0.0067455
0.00239241
0.00231181
0.00556216
0.00789785
0.00858012
0.0071023
0.00383265
0.00453962
0.00677719
0.0052317
0.00229677
0.000502133
0.000970517
0.00349424
0.00543249
0.00607325
0.00532136
0.00315659
0.00274657
0.00605525
0.00462053
0.00172147
0.000556279
0.00174227
0.00391151
0.00541542
0.0052477
0.00415607
0.0017087
0.0158652
0.0139902
0.00791008
0.00123336
0.00106132
0.00581649
0.00936676
0.0105751
0.00937549
0.00605842
0.0010214
0.00636151
0.00635246
0.00389924
0.0014969
0.399148
0.301185
0.161791
0.0177995
0.100195
0.175709
0.201825
0.182349
0.129836
0.0591112
0.0105374
0.0608048
0.0877766
0.0910872
0.0757031
0.0491113
0.0310537
0.000202739
0.0261452
0.0423065
0.0479517
0.0427457
0.0294659
0.00991184
0.00793675
0.0176942
0.0208206
0.0187624
0.0137447
0.0093818
0.0055502
0.00167787
0.00760349
0.0114173
0.0131218
0.0116731
0.00753785
0.000290962
0.00605919
0.00684989
0.00489869
0.00245504
0.00389277
0.00128904
0.0020506
0.00369966
0.00564594
0.00637011
0.00513743
0.00296864
0.00243593
0.00413964
0.00311918
0.000896019
0.000347695
0.00111719
0.00308622
0.00448146
0.00444303
0.00373534
0.0018066
0.0616706
0.0496727
0.027848
0.00452373
0.0136455
0.0270385
0.0332215
0.031608
0.0236438
0.0109542
0.00925383
0.0158666
0.0166981
0.0134747
0.00889856
0.0128963
0.0062696
0.00152746
0.00699394
0.0113222
0.0132479
0.0119369
0.00806355
0.00119988
0.00596883
0.00710122
0.00533026
0.00281656
0.0028734
0.000730688
0.00227247
0.0224444
0.0144998
0.0050953
0.00370134
0.00982443
0.013696
0.0144759
0.0119279
0.00671722
0.00690689
0.0101365
0.00886332
0.00535767
0.00255512
0.00176102
0.00195866
0.00514481
0.00627768
0.00705341
0.0060287
0.00212574
0.00345477
0.00590114
0.00389676
0.00119824
0.000573752
0.00231888
0.00429779
0.00545237
0.00511472
0.00364793
0.000567356
0.00772375
0.00687654
0.00338824
5.9764e-05
0.00078445
0.00225968
0.00508029
0.00622869
0.0063251
0.00489905
0.00106989
0.0352242
0.0287731
0.0160452
0.00265373
0.00701619
0.0150898
0.019399
0.0190668
0.0147054
0.00711086
0.0293295
0.0278955
0.0197428
0.00889697
0.00822843
0.00185334
0.0105895
0.00956156
0.0127058
0.0125073
0.00574393
0.00163268
0.0341526
0.0273328
0.0158365
0.00340918
0.00588041
0.0136058
0.0179432
0.0180092
0.014195
0.00740426
0.147601
0.118118
0.0694166
0.0162082
0.0282948
0.059668
0.0737063
0.0703899
0.0533221
0.0274573
0.00751053
0.0256669
0.0338193
0.0328097
0.025705
0.0160994
0.0204603
0.00677922
0.00664037
0.0146804
0.0204185
0.0212825
0.0173566
0.0100577
0.00912724
0.0135267
0.012691
0.00871837
0.00484355
0.00718628
0.00157102
0.00394888
0.00688591
0.00948912
0.00981557
0.00757212
0.00376002
0.0142732
0.0137058
0.00912118
0.00322296
0.0101339
0.00343496
0.00361226
0.00838546
0.0113117
0.0117461
0.00942916
0.00480392
0.0123426
0.0132009
0.00957378
0.00428276
0.00676202
0.00149685
0.00416524
0.00715842
0.00959587
0.00975941
0.00738088
0.00337378
0.0306648
0.0260898
0.0158686
0.00422843
0.0036694
0.0113794
0.0161742
0.0170892
0.0142183
0.00832991
0.00621996
0.0104809
0.00992647
0.00669016
0.0034993
0.00839574
0.00329532
0.00218308
0.00610022
0.00883784
0.00973738
0.0082507
0.0047737
0.00295253
0.00626834
0.00550933
0.002987
0.000818667
0.00158334
0.0011488
0.00383498
0.00467235
0.00551388
0.00490501
0.00147073
0.00219455
0.0056904
0.00355209
0.000859399
0.00125985
0.00294151
0.00467569
0.00535274
0.00454939
0.00273114
0.00192339
0.00436139
0.00329891
0.000934009
0.00076708
0.00150591
0.0033823
0.00454339
0.00406843
0.00322118
0.00100044
0.00344136
0.00410114
0.00193732
0.000366853
0.000468683
0.00167453
0.00377387
0.00486995
0.00500587
0.00389669
0.00105029
0.0189784
0.0160816
0.00876292
0.00110176
0.0030836
0.0080687
0.011306
0.0117039
0.00954144
0.0051563
0.0133328
0.0141716
0.0102536
0.00453391
0.00744021
0.00168395
0.00440793
0.00777892
0.0103155
0.0104246
0.00790921
0.00359336
0.0501908
0.0412511
0.0244826
0.00590465
0.00848312
0.019982
0.0260691
0.0259509
0.0203964
0.0109053
0.116455
0.0965706
0.0599199
0.0182072
0.0170332
0.0435073
0.0568776
0.0565319
0.0446838
0.0253444
0.0818045
0.0787112
0.0591099
0.0310849
0.0152318
0.010595
0.0302827
0.040356
0.0409483
0.0329916
0.0190335
0.0309901
0.0356242
0.0306869
0.0199286
0.0107651
0.000777517
0.00954114
0.0164838
0.0196193
0.0181425
0.0128747
0.00420164
0.0069725
0.00994564
0.00910553
0.00633178
0.00395914
0.00517326
0.00110323
0.00289531
0.00438137
0.00684477
0.00757815
0.00579435
0.00343617
0.00303009
0.00432878
0.0034347
0.00123554
0.000403764
0.000172318
0.00240893
0.00410596
0.00509727
0.00482672
0.00322973
3.71814e-05
0.00939055
0.00777571
0.00363466
0.00027488
0.00161672
0.00444234
0.00656622
0.00673774
0.00562219
0.00305787
0.0188886
0.0174143
0.0107441
0.00279771
0.00140384
0.00479071
0.00971509
0.0117289
0.0114275
0.00858945
0.00278173
0.0197675
0.01813
0.0117025
0.00408372
0.00229153
0.00395586
0.00908426
0.0113245
0.0114808
0.00904334
0.00380155
0.0379641
0.0324819
0.019937
0.00568484
0.00450405
0.0139371
0.0195869
0.020528
0.0169811
0.00996036
0.00738298
0.0122168
0.0118677
0.00841249
0.00473622
0.0174813
0.00994233
0.00113
0.00638481
0.0114247
0.0140864
0.0133997
0.00973659
0.00344804
0.00996064
0.0110215
0.0083773
0.00434405
0.00506279
0.00129672
0.00320384
0.00328457
0.00603891
0.00719304
0.0143516
0.0113523
0.00863408
0.00192199
0.00250862
0.00593836
0.00915044
0.0101126
0.00858542
0.00529572
0.00234268
0.00591317
0.00554667
0.00319391
0.0010252
0.00602818
0.00241735
0.00170361
0.00462512
0.0066137
0.00735642
0.00621604
0.00338865
0.00296338
0.0055584
0.0043384
0.00181282
3.21115e-05
0.000954596
0.00309869
0.00490199
0.00521749
0.00451311
0.00263825
0.00661828
0.00836149
0.00558452
0.00160505
5.61918e-05
0.00283274
0.00556495
0.00719686
0.00693124
0.00509695
0.00156643
0.0131758
0.0117854
0.00691776
0.00152571
0.000632608
0.00361912
0.00717555
0.00873137
0.00848825
0.00629568
0.00159455
0.0182876
0.0160948
