
Objective value: 
2100
5618.03
9984.7
13685
16330.9
17594.2
17486.2
16294.1
14469.7
12486.4
10775.1
9613.67
9117.04
9244.13
9837.31
10677.2
11540.7
12240.7
12663.1
12771.7
12600.2
12231.9
11772.3
11323.9
10966.8
10746.9
10673.3
10724.2
10857.1
11021.7
11171.3
11271.4
11304.6
11270.2
11181.4
11059.3
10927.7
10807.3
10712.6
10650
10618.2
10610.1
10615.1
10622.2
10622.2
10609
10580.6
10538.3
10486
10428.6
10371.4
10318.2
10271.6
10232.1
10198.9
10169.8
10142.5
10114.8
10084.7
10051.4
10014.8
9975.49
9948.52
9937.19
9940.71
9955.44
9976.57
9998.1
10015.4
10026
10029.2
10026
10018.3
10009.5
9999.81
9991.89
9987.06
9985.73
9987.55
9991.62
9998.4
10002.6
10005.3
10006.2
10005.7
10004.2
10002.4
10001.1
9999.16
9997.63
9996.77
9996.73
9997.4
9998.76
10000.3
10001
10001.3
10001.2
10000.8
10000.5
10000.9
10000.5
9999.9
9999.32
9998.93
9998.84
9999.06
9999.62
10000.1
10000.3
10000.2
10000.1
10000
10000.1
10000.3
10000.2
9999.91
9999.64
9999.46
9999.41
9999.5
9999.76
10000.1
10000.2
10000.1
9999.93
9999.87
9999.83
9999.74
9999.75
9999.78
9999.83
10000
10000.3
10000.3
10000
9999.8
10000.1
9999.83
9999.63
9999.47
9999.41
9999.53
9999.78
10000.5
10000.6
10000.4
10000
10000
9999.77
9999.49
9999.49
9999.46
9999.56
10012.4
10010.5
10006.2
10001.3
9997.41
9994.55
9993.24
9993.53
9995.09
9997.51
10001.1
10002.7
10003.2
10003
10002.2
10001.4
10000.8
9999.68
9998.79
9998.26
9998.09
9998.36
9998.99
10000.2
10000.9
10001
10000.7
10000.4
10000.7
10000.3
9999.82
9999.48
9999.19
9999.05
9999.16
9999.47
10000.1
10000.6
10000.6
10000.3
10000
10000.5
10000.1
9999.7
9999.44
9999.25
9999.23
9999.42
9999.79
10002.2
10001.9
10001.1
10000.2
9999.74
9999.13
9998.71
9998.61
9998.82
9999.3
10000.5
10000.9
10000.8
10000.5
10000.2
10000.3
9999.88
9999.5
9999.41
9999.26
9999.32
9999.78
10000.1
10001
10000.7
10000.2
9999.87
9999.63
9999.38
9999.24
9999.32
9999.55
10000
10000.6
10000.5
10000.2
9999.96
10000.4
10000
9999.64
9999.43
9999.27
9999.31
9999.55
9999.94
10001.2
10001
10000.5
10000
9999.86
9999.49
9999.19
9999.12
9999.23
9999.53
10000.5
10000.9
10000.7
10000.3
9999.99
9999.82
9999.52
9999.28
9999.26
9999.38
9999.67
10001.6
10001.6
10001
10000.2
10002.2
10001.1
9999.96
9999.03
9998.44
9998.17
9998.34
9998.88
9999.79
10000.8
10001
10000.8
10000.5
10000.4
10000.1
9999.76
9999.62
9999.37
9999.26
9999.42
9999.62
10000.1
10000.3
10000.3
10000.1
9999.91
10000.2
9999.96
9999.72
9999.54
9999.41
9999.45
9999.64
9999.98
10001.1
10000.9
10000.4
9999.93
9999.77
9999.45
9999.22
9999.23
9999.38
9999.7
10006.4
10005.2
10003
10000.6
9998.68
9997.25
9996.54
9996.66
9997.46
9998.77
10001.7
10002.3
10002.1
10001.4
10000.9
10000.7
9999.86
9999.17
9998.88
9998.65
9998.75
9999.22
9999.88
10000.8
10000.9
10000.6
10000.2
10008.3
10006.1
10003
9999.89
9997.52
9995.99
9995.46
9995.97
9997.24
9999.19
10000.9
10001.8
10002
10001.7
10001.2
10001.1
10000.5
9999.79
9999.82
9999.26
9998.86
9999.05
9999.15
9999.46
9999.95
10000.6
10000.6
10000.3
10000
10001.3
10000.8
10000.1
9999.5
9999.13
9998.89
9998.92
9999.22
9999.74
10002.2
10001.9
10001.2
10000.3
9999.97
9999.34
9998.85
9998.63
9998.74
9999.13
9999.84
10000.8
10000.9
10000.6
10000.3
10000.6
10000.2
9999.73
9999.44
9999.2
9999.13
9999.3
9999.64
10000.6
10000.7
10000.5
10000.2
10000.1
9999.83
9999.53
9999.34
9999.3
9999.41
9999.72
10000.8
10001
10000.6
10000.1
10000.2
9999.8
9999.42
9999.61
9999.46
9999.46
9999.57
9999.81
10007.2
10005.7
10003.2
10000.5
9998.37
9996.84
9996.15
9996.35
9997.29
9998.78
10001
10001.8
10001.9
10001.5
10001
10001.6
10000.8
9999.88
9999.18
9998.65
9998.41
9998.55
9999.01
9999.8
10000.8
10000.9
10000.7
10000.4
10000.4
10000.1
9999.71
10003.5
10002.4
10000.9
9999.59
9998.63
9998.01
9997.85
9998.18
9998.89
10000.3
10001
10001.1
10000.8
10000.5
10000.9
10000.4
9999.84
9999.43
9999.11
9998.95
9999.06
9999.39
10000
10000.7
10000.7
10000.4
10000.1
10003.3
10002.3
10000.9
9999.62
9998.7
9998.1
9997.94
9998.24
9998.92
10000.3
10001
10001
10000.8
10000.4
10000.7
10000.3
9999.81
9999.48
9999.18
9999.04
9999.15
9999.45
10000.1
10000.6
10000.6
10000.3
10000
10001
10000.5
9999.91
9999.48
9999.2
9999.04
9999.13
9999.45
10000
10000.7
10000.7
10000.3
10000
10000.5
10000.1
9999.68
9999.4
9999.21
9999.2
9999.41
9999.79
10004.2
10003.4
10001.9
10000.3
9999.2
9998.24
9997.72
9997.75
9998.25
9999.14
10005.7
10005
10003.3
10001.2
9999.69
9998.22
9997.28
9997.01
9997.41
9998.32
9999.9
10001
10001.3
10001.2
10000.9
10000.6
10000.7
10000.2
9999.65
9999.67
9999.29
9999.11
10000
10000
10000.2
9999.96
10000.2
10000
9999.73
9999.57
9999.44
9999.46
9999.65
9999.95
10001.7
10001.4
10000.7
9999.99
9999.59
9999.16
9998.88
9998.9
9999.15
9999.64
10003.8
10003.2
10001.9
10000.5
9999.51
9998.56
9997.98
9997.88
9998.25
9999
10001
10001.5
10001.3
10000.8
10000.4
10000.4
9999.82
9999.35
9999.31
9999.13
9999.18
10000.6
10000.8
10001.5
10000.9
10000.4
9999.83
9999.31
9998.97
9998.81
9998.95
9999.35
10000.1
10000.7
10000.7
10000.4
10000.1
10002.7
10001.8
10000.6
9999.57
9998.83
9998.35
9998.24
9998.54
9999.16
10000.6
10001.1
10001
10000.6
10000.3
10000.5
10000.1
9999.59
9999.33
9999.1
9999.09
9999.35
9999.74
10008.1
10006.4
10003.6
10000.6
9998.27
9996.55
9995.75
9995.95
9996.97
9998.57
10001.1
10002
10002.1
10001.7
10001.2
10001.4
10000.6
9999.7
9999.37
9998.83
9998.57
9998.7
9999.05
9999.71
10000.6
10000.8
10000.6
10000.3
10000.2
10000
9999.7
9999.57
9999.36
9999.33
9999.56
9999.8
10001.3
10001.1
10000.6
10000
9999.81
9999.42
9999.12
9999.05
9999.19
9999.52
10000.6
10000.9
10000.7
10000.3
10000
9999.83
9999.52
9999.28
9999.23
9999.36
9999.65
10000.8
10001
10000.7
10000.2
10000.1
9999.75
9999.4
9999.2
9999.17
9999.34
9999.73
10001.7
10001.6
10000.9
10000.2
10000.5
9999.86
9999.25
9998.97
9998.81
9998.95
9999.39
10000.1
10000.7
10000.7
10000.4
10000.1
10000.7
10000.3
9999.77
9999.43
9999.2
9999.13
9999.28
9999.63
10000.5
10000.7
10000.5
10000.2
10000
9999.81
9999.54
9999.33
9999.31
9999.44
9999.73
10002.1
10001.9
10001.1
10000.2
9999.91
9999.27
9998.79
9998.6
9998.74
9999.16
9999.97
10000.8
10000.8
10000.6
10000.2
10000.7
10000.3
9999.79
9999.46
9999.21
9999.12
9999.25
9999.58
10000.3
10000.6
10000.5
10000.2
9999.98
9999.91
9999.65
9999.43
9999.39
9999.46
9999.67
10000.9
10001.2
10000.8
10000.2
9999.92
9999.55
9999.21
9999.03
9999.11
9999.38
9999.92
10000.8
10000.8
10000.5
10000.1
10002.3
10001.5
10000.4
9999.48
9998.84
9998.44
9998.4
9998.73
9999.35
10002.3
10002.3
10001.6
10000.7
10002.3
10001.1
9999.75
9998.75
9998.14
9997.93
9998.2
9998.86
10000.1
10000.8
10001
10000.8
10000.5
10000.4
10000.2
9999.77
10000.1
9999.7
9999.42
9999.24
9999.24
9999.44
9999.82
10026.1
10020.1
10011.1
10001.7
9993.93
9988.79
9986.81
9987.86
9991.18
9995.87
10000.8
10004.1
10005.7
10005.8
10004.8
10003.1
10004.7
10002.1
9999.43
9997.46
9996.23
9995.93
9996.52
9997.78
9999.89
10001.2
10001.8
10001.7
10001.3
10000.9
10002.5
10001.5
10000.3
9999.19
9998.45
9998.05
9998.11
9998.58
9999.4
10002
10002
10001.5
10000.7
10002.7
10001.5
10000.1
9998.98
9998.24
9997.89
9998.03
9998.6
9999.54
10000.9
10001.2
10001
10000.7
10000.4
10000.3
9999.83
9999.48
9999.28
9999.14
9999.23
9999.55
10000.1
10000.7
10000.6
10000.3
9999.97
10000
9999.74
9999.49
9999.35
9999.37
9999.55
9999.93
10001.7
10001.4
10000.8
10000.1
9999.74
9999.27
9998.94
9998.89
9999.07
9999.48
10001
10001.2
10000.9
10000.4
10000.2
9999.83
9999.42
9999.19
9999.09
9999.2
9999.56
10000.3
10000.7
10000.6
10000.3
9999.99
9999.92
9999.65
9999.42
9999.37
9999.44
9999.64
10000.6
10001
10000.7
10000.3
9999.9
9999.62
9999.32
9999.15
9999.22
9999.45
9999.91
10000.8
10000.8
10000.4
10000.1
10001.2
10000.6
9999.94
9999.41
9999.06
9998.87
9998.97
9999.32
9999.93
10000.8
10000.8
10000.5
10000.2
10149.2
10111.3
10058.7
10004.8
9960.81
9933.33
9924.59
9932.68
9952.67
9978.5
10003.5
10022.5
10033
10034.8
10029.2
10019.1
10008.1
9997
9988.5
9983.9
9983.38
9986.3
9991.48
9999.1
10004
10006.9
10007.7
10006.8
10004.8
10002.7
10000.4
9998.14
9996.65
9996.02
9996.32
9997.34
9998.92
10000.8
10001.6
10001.8
10001.5
10001.1
10000.9
10000.5
9999.77
9999.59
9999.13
9998.87
9998.96
9999.19
9999.66
10000.6
10000.7
10000.5
10000.2
10000.1
9999.93
9999.64
9999.47
9999.35
9999.39
9999.63
10000
10000.9
10000.7
10000.3
9999.94
9999.83
9999.55
9999.35
9999.35
9999.46
9999.72
10006.7
10005.4
10003.1
10000.6
9998.59
9997.12
9996.41
9996.56
9997.4
9998.76
10001.3
10002
10001.9
10001.5
10000.9
10006.2
10004.2
10001.7
9999.29
9997.52
9996.48
9996.29
9996.9
9998.11
10000.4
10001.5
10001.8
10001.6
10001.1
10000.8
10000.4
9999.81
9999.31
9998.97
9998.81
9998.95
9999.34
10000.1
10000.7
10000.7
10000.4
10000.1
10006.4
10004.7
10002.3
9999.86
9998.04
9996.85
9996.43
9996.83
9997.84
9999.44
10000.8
10001.5
10001.5
10001.2
10000.8
10001.5
10000.9
10000.1
9999.35
9998.84
9998.55
9998.62
9999
9999.65
10001.2
10001.3
10000.9
10000.4
10001.2
10000.6
9999.82
9999.28
9998.91
9998.76
9998.91
9999.32
10000.1
10000.7
10000.7
10000.4
10000.2
10003.7
10002.6
10001.1
9999.68
9998.65
9997.97
9997.76
9998.07
9998.77
10000.1
10000.9
10001.1
10000.9
10000.6
10000.4
10000.2
9999.83
9999.61
9999.36
9999.21
9999.3
9999.53
9999.97
10000.5
10000.5
10000.2
9999.99
10001.3
10000.8
10000.1
9999.55
9999.18
9998.94
9998.96
9999.23
9999.71
10004.2
10003.5
10002
10000.5
9999.33
9998.34
9997.78
9997.75
9998.2
9999.03
10004.1
10003.8
10002.6
10001.1
10000.5
9999.23
9998.27
9997.81
9997.83
9998.32
9999.19
10005.9
10005.1
10003.3
10001.2
9999.56
9998.07
9997.16
9996.94
9997.39
9998.36
10000.1
10001.1
10001.4
10001.3
10000.9
10000.6
10000.5
9999.97
9999.52
9999.35
9999.09
9999.09
9999.39
9999.74
10011
10008.6
10004.8
10000.8
9997.57
9995.31
9994.35
9994.69
9996.08
9998.17
10000.8
10002.1
10002.6
10002.4
10001.8
10001.1
10000.8
9999.88
9999.11
9998.66
9998.42
9998.56
9999.05
9999.83
10000.7
10000.9
10000.7
10000.4
10000.4
10000.1
9999.75
10002.4
10001.5
10000.5
9999.54
9998.88
9998.48
9998.42
9998.72
9999.31
10001.3
10001.5
10001.2
10000.6
10000.4
9999.96
9999.46
9999.18
9998.98
9999.04
9999.36
9999.86
10001
10000.9
10000.6
10000.2
10000.7
10000.2
9999.7
9999.34
9999.11
9999.06
9999.25
9999.65
10001.1
10001.1
10000.8
10000.3
10001
10000.4
9999.72
9999.26
9998.97
9998.88
9999.07
9999.5
10000.6
10000.8
10000.7
10000.3
10000.1
9999.96
9999.65
9999.4
9999.27
9999.32
9999.54
9999.99
10000.8
10000.7
10000.4
10000
10000.1
9999.77
9999.45
9999.33
9999.31
9999.45
9999.88
10001.9
10001.7
10000.9
10000.1
9999.84
9999.29
9998.89
9998.77
9998.92
9999.32
10000.2
10000.7
10000.7
10000.4
10000.2
10001.5
10000.9
10000.2
9999.49
9999.06
9998.79
9998.8
9999.11
9999.64
10004.2
10003.5
10002.1
10000.6
9999.42
9998.4
9997.8
9997.73
9998.15
9998.95
10001.5
10001.8
10001.6
10001
10000.5
10000.1
9999.52
9999.09
9998.83
9998.85
9999.14
9999.67
10003.5
10003
10001.8
10000.5
9999.59
9998.7
9998.15
9998.04
9998.37
9999.04
10000.7
10001.2
10001.1
10000.8
10000.4
10001.4
10000.7
9999.96
9999.33
9998.91
9998.69
9998.8
9999.18
9999.84
10000.8
10000.8
10000.6
10000.3
10000.6
10000.2
9999.76
9999.48
9999.25
9999.18
9999.33
9999.64
10000.4
10000.6
10000.5
10000.2
10000
9999.85
9999.6
9999.4
9999.37
9999.48
9999.73
10001.3
10001.3
10000.8
10000.2
10005.4
10003.7
10001.5
9999.41
9997.92
9997.02
9996.84
9997.35
9998.38
10000.4
10001.3
10001.5
10001.3
10000.9
10000.7
10000.3
9999.79
9999.4
9999.09
9998.95
9999.08
9999.42
10000.1
10000.6
10000.6
10000.3
10000.1
10002.5
10001.7
10000.6
9999.62
9998.93
9998.48
9998.37
9998.64
9999.21
10000.5
10001
10000.9
10000.6
10000.3
10000.8
10000.3
9999.74
9999.38
9999.12
9999.04
9999.21
9999.57
10000.5
10000.8
10000.6
10000.3
10000.1
9999.89
9999.61
9999.39
9999.32
9999.41
9999.65
10000.3
10000.7
10000.5
10000.2
9999.94
9999.81
9999.56
9999.39
9999.41
9999.54
9999.81
10001.8
10001.6
10000.9
10000.1
9999.88
9999.35
9998.95
9998.82
9998.95
9999.32
10000.1
10000.7
10000.7
10000.4
10000.2
10044.6
10033.7
10018.1
10002
9988.8
9980.36
9977.44
9979.61
9985.48
9993.39
10001.2
10006.8
10009.8
10010.2
10008.5
10005.5
10003.5
10000
9997.08
9995.27
9994.64
9995.22
9996.71
9998.89
10000.9
10002
10002.3
10002.1
10001.5
10001
10000.6
9999.81
9999.15
9998.72
9998.53
9998.69
9999.16
9999.97
10000.7
10000.8
10000.5
10000.3
10000.4
10000.1
9999.77
9999.59
9999.37
9999.29
9999.43
9999.67
10000.3
10000.5
10000.3
10000.1
9999.96
9999.88
9999.65
9999.5
9999.5
9999.58
9999.8
10006.9
10005.6
10003.1
10000.5
9998.47
9996.98
9996.29
9996.47
9997.36
9998.78
10001
10001.8
10001.9
10001.5
10001
10001.4
10000.7
9999.83
9999.22
9998.73
9998.52
9998.67
9999.1
9999.87
10000.7
10000.8
10000.6
10000.3
10000.3
10000.1
9999.75
10002.5
10001.6
10000.6
9999.59
9998.9
9998.47
9998.38
9998.67
9999.25
10000.8
10001.1
10001
10000.6
10000.3
10000.2
9999.78
9999.42
9999.3
9999.21
9999.33
9999.76
10000.4
10000.7
10000.4
10000.1
9999.94
9999.74
9999.52
9999.39
9999.43
9999.59
9999.94
10000.9
10000.8
10000.4
9999.99
10000.1
9999.75
9999.43
9999.3
9999.29
9999.45
9999.88
10003.9
10003.2
10001.8
10000.3
9999.22
9998.31
9997.83
9997.87
9998.36
9999.2
10003.3
10003.1
10002.2
10001
10000.9
9999.79
9998.82
9998.93
9998.58
9998.6
9999.36
9999.82
10003.8
10003.1
10001.8
10000.4
9999.34
9998.48
9997.99
9997.99
9998.41
9999.17
10016.5
10013.2
10007.8
10001.8
9996.84
9993.33
9991.76
9992.13
9994.04
9996.93
10000.8
10002.9
10003.8
10003.7
10002.9
10001.8
10002.3
10000.8
9999.26
9998.36
9997.72
9997.62
9998.06
9998.88
10001
10001.5
10001.4
10001
10000.5
10000.8
10000.2
9999.56
9999.23
9998.94
9998.9
9999.15
9999.58
10001.6
10001.5
10001
10000.4
10001.1
10000.4
9999.6
9999.06
9998.74
9998.69
9998.95
9999.46
10001.4
10001.5
10001.1
10000.5
10000.8
10000.2
9999.53
9999.2
9998.93
9998.91
9999.17
9999.62
10003.4
10002.9
10001.8
10000.5
9999.59
9998.73
9998.19
9998.09
9998.41
9999.07
10000.7
10001.2
10001.1
10000.7
10000.4
10000.9
10000.4
9999.76
9999.32
9999.01
9998.91
9999.08
9999.47
10000.3
10000.7
10000.6
10000.3
10000.1
10000.2
9999.87
9999.57
9999.48
9999.38
9999.45
9999.84
10000.2
10000.6
10000.4
10000.1
9999.86
9999.67
9999.48
9999.4
9999.49
9999.69
10000.2
10000.5
10000.4
10000.1
9999.91
9999.83
9999.62
9999.49
9999.55
9999.64
9999.89
10000.4
10000.5
10000.2
9999.96
10000.1
9999.81
9999.58
9999.46
9999.44
9999.56
9999.88
10002.1
10001.8
10001
10000.1
9999.66
9999.1
9998.74
9998.69
9998.93
9999.42
10001.5
10001.6
10001.1
10000.5
10000.8
10000.2
9999.51
9999.13
9998.85
9998.83
9999.12
9999.6
10005.6
10004.6
10002.7
10000.7
9999.05
9997.77
9997.09
9997.1
9997.72
9998.78
10013
10010.8
10006.7
10002
9998.1
9995.14
9993.64
9993.68
9995
9997.17
10009.1
10008.8
10006.6
10003.5
10001.7
9998.82
9996.61
9995.49
9995.42
9996.31
9997.87
10003.5
10004
10003.4
10002.2
10001.2
10000.1
9998.93
9998.16
9997.81
9997.97
9998.56
9999.53
10000.8
10001.1
10001
10000.7
10000.4
10000.6
10000.1
9999.68
9999.51
9999.23
9999.15
9999.35
9999.62
10000.3
10000.5
10000.4
10000.1
10000
9999.98
9999.73
9999.54
9999.43
9999.46
9999.64
10000
10001
10000.9
10000.4
9999.97
9999.82
9999.5
9999.27
9999.25
9999.37
9999.66
10002.1
10001.9
10001.2
10000.3
10000.2
9999.46
9998.91
9998.69
9998.72
9999.04
9999.69
10002.2
10002
10001.3
10000.5
10000.3
9999.56
9998.98
9998.73
9998.72
9998.99
9999.57
10004.2
10003.6
10002.2
10000.6
9999.5
9998.44
9997.81
9997.7
9998.1
9998.89
10000.8
10001.4
10001.3
10000.9
10000.5
10002
10001.1
10000.1
9999.29
9998.72
9998.43
9998.5
9998.91
9999.61
10001.1
10001.2
10000.9
10000.5
10000.6
10000.1
9999.64
9999.63
9999.32
9999.2
10001.6
10001.3
10001
10000.2
9999.72
9999.34
9998.98
9998.87
9999.04
9999.41
10000.3
10000.7
10000.6
10000.4
10000.1
10000.7
10000.3
9999.81
9999.48
9999.26
9999.18
9999.31
9999.62
10000.3
10000.6
10000.5
10000.2
10000
9999.89
9999.65
9999.45
9999.42
9999.5
9999.71
10000.7
10000.9
10000.6
10000.2
9999.99
9999.68
9999.38
9999.2
9999.23
9999.43
9999.82
10001.5
10001.3
10000.8
10000.2
10000.1
9999.6
9999.2
9999.02
9999.05
9999.3
9999.82
10002
10001.8
10001.1
