
Dual Tolerance: 
1
91.8903
148.346
187.578
160.364
114.916
55.774
6.85337
49.8695
76.5229
83.2418
71.6543
48.3346
20.5299
9.2833
27.5846
37.8902
38.877
32.0002
20.5117
8.69897
8.37534
15.3989
19.0269
18.5698
14.9454
9.90122
6.2956
7.15616
9.46476
10.5335
10.0152
8.44215
6.79031
6.09907
6.48637
7.09358
7.30966
7.05643
6.57462
6.19486
6.10164
6.21974
6.35372
6.37943
6.29667
6.18131
6.10848
6.1017
6.1324
6.15847
6.1579
6.13583
6.1112
6.09838
6.09951
6.1068
6.11145
6.10996
6.10455
6.09953
6.09746
4.78034
2.92959
0.879559
0.986615
2.24174
2.81016
2.69912
2.06637
1.15157
0.201205
0.624035
1.13982
1.31877
1.21635
0.887212
0.44753
0.0563684
0.359092
0.56987
0.655726
0.540721
0.362393
0.148119
0.0522316
0.201072
0.277492
0.280484
0.239514
0.154569
0.0572218
0.0402707
0.104541
0.140275
0.139863
0.102946
0.0574887
0.0127764
0.0294468
0.0534133
0.0634657
0.0590812
0.0489428
0.0317466
0.0157277
0.0161429
0.0274604
0.0367128
0.0321194
0.0190205
0.00814848
0.00552168
0.00936407
0.0136006
0.015698
0.0124819
0.0135197
0.0112153
0.00741644
0.00522632
0.00730562
0.0120658
0.014626
0.00530104
0.00450352
0.0070619
0.00320344
0.00349307
0.00469126
0.00222332
0.00153407
0.00207649
0.00854034
0.0113102
0.00149527
0.0118437
0.00964268
0.0132761
0.0119806
0.00827036
0.00640982
0.00227859
0.00460307
0.0103496
0.0283362
0.00468532
0.0101203
0.0129546
0.00038319
0.0102378
0.0112145
0.000106231
0.00149345
0.00409849
0.520123
0.079762
0.172193
0.196744
0.158159
0.115479
0.0528517
0.0115026
0.0633048
0.097698
0.14612
0.0631946
0.0225786
0.0116518
0.0313285
0.0329341
0.0248838
0.0433412
0.0358681
0.0214073
0.00699975
0.0108456
0.0257107
0.0489986
0.0273104
0.00326707
0.0102639
0.0127975
0.0135944
0.0161186
0.0204693
0.0139016
0.0115284
0.00560191
0.00444768
0.0125144
0.0242325
0.0219322
0.00186477
0.0115888
0.0107677
0.0198515
0.0152029
0.0172675
0.0108
0.00746576
0.000868855
0.00765019
0.0148944
0.0987465
0.0129141
0.033145
0.0361469
0.0185302
0.0245091
0.01698
0.0041476
0.0084949
0.0193461
0.0486659
0.0176577
0.00410872
0.014229
0.0124602
0.00389042
0.0158205
0.0152378
0.00385597
0.00586901
0.00210055
0.0188873
0.0145871
0.0325048
0.0118499
0.016743
0.0150683
0.00963221
0.0101488
0.0054497
0.0031285
0.00915961
0.0184844
0.0237562
0.00204789
0.0124721
0.0111649
0.0158598
0.0140376
0.0145366
0.00869474
0.00630413
0.00148493
0.00970989
0.0159596
0.0513549
0.0078037
0.0203309
0.0201931
0.00626579
0.014961
0.0120735
0.00286692
0.00450086
0.0119571
0.0384945
0.0157264
0.00759594
0.0157983
0.0121247
0.0068922
0.0122014
0.00949837
0.00108426
0.00507503
0.0116199
0.0774168
0.00156279
0.0238235
0.0289802
0.0784231
0.0421752
0.0477083
0.0375919
0.0238295
0.0108194
0.00683223
0.0216386
0.0367539
0.040221
0.00753486
0.00787162
0.0129659
0.00385561
0.00892898
0.0153356
0.00541219
0.0100067
0.00462767
0.0063833
0.0082757
0.0193333
0.00808359
0.00127513
0.00874891
0.00585092
0.0137013
0.0115711
0.00984469
0.00702833
0.00523307
0.00134234
0.00798404
0.0134858
0.0434605
0.00809968
0.0192435
0.0179468
0.00659002
0.0128198
0.00922134
0.000310848
0.00600307
0.0129322
0.272353
0.0492728
0.0905584
0.0980009
0.0755653
0.0577947
0.0283847
0.00455525
0.0323049
0.0530916
0.119181
0.0215691
0.00760433
0.0253407
0.023859
0.00794569
0.0320341
0.0277619
0.0118504
0.00939451
0.00424549
0.0190406
0.0265396
0.0390836
0.000272631
0.0120922
0.0139752
0.325494
0.0891591
0.124937
0.124571
0.0957126
0.0620942
0.0212633
0.0204413
0.0516582
0.078926
0.0698078
0.0343113
0.00740878
0.0113724
0.0202108
0.00372073
0.0216074
0.0306555
0.00139829
0.022958
0.0158657
0.00757114
0.00383272
0.0128261
0.0197221
0.0270629
0.000983592
0.0111523
0.0112069
0.0522853
0.0226097
0.0285531
0.0229849
0.0149491
0.00977864
0.00127453
0.0121229
0.0209773
0.0986565
0.0103633
0.0303515
0.0344548
0.0140552
0.0255892
0.0196178
0.00906245
0.00445022
0.0157605
0.0287341
0.0393677
0.00328968
0.011021
0.0140959
0.0121547
0.0153992
0.0188881
0.0115365
0.00962398
0.00283629
0.00668589
0.0136078
0.0375123
0.00722097
0.00881072
0.0140744
0.00489889
0.00919273
0.0119759
0.00770795
0.0018012
0.00481119
0.0123138
0.0448353
0.00502904
0.0142341
0.0182841
0.00103045
0.0151259
0.015393
0.00792387
0.00635224
0.000196797
0.00442182
0.0097575
0.29786
0.0598282
0.102772
0.108821
0.0847028
0.0618417
0.0282257
0.00832278
0.0380638
0.0604927
0.0916529
0.0308021
0.00371303
0.0150388
0.0210404
0.0232794
0.0315098
0.0377457
0.0281435
0.0212588
0.0100776
0.00571008
0.0185794
0.0323426
0.0388218
0.00563555
0.00900215
0.0131156
0.000234174
0.0111197
0.0153386
0.154156
0.0469221
0.057342
0.0547192
0.0390807
0.0249025
0.00649247
0.0133708
0.0289048
0.0588467
0.0270781
0.0032488
0.0111241
0.013994
0.0162088
0.0186561
0.0232867
0.016551
0.0131166
0.00654845
0.00440272
0.0134596
0.0250372
0.02676
0.000487842
0.0118751
0.0116409
0.131955
0.0419957
0.0562854
0.0522124
0.0370323
0.024325
0.00675985
0.0124644
0.0274871
0.0548603
0.0273199
0.00363264
0.0105464
0.0134188
0.0116015
0.0165774
0.0209698
0.0133729
0.0120768
0.00581602
0.00456125
0.0123864
0.0241643
0.0222015
0.00121575
0.0113697
0.010663
0.0377576
0.0192654
0.0233641
0.0173969
0.011255
0.00634729
0.00358905
0.0129337
0.0227415
0.0287921
0.00214501
0.0129593
0.0124905
0.0192926
0.0160781
0.017921
0.0111158
0.007675
0.000500738
0.00833691
0.01563
0.176976
0.0313946
0.0596157
0.063813
0.0462295
0.0387406
0.0210635
0.00102662
0.0206832
0.0360027
0.264451
0.0274279
0.0695476
0.0839051
0.0610965
0.0596971
0.0380237
0.0111187
0.0161775
0.0370423
0.0640797
0.0431375
0.0150748
0.0047203
0.0133857
0.0122943
0.00347471
0.0208614
0.0207756
0.000940783
0.0152755
0.00726423
0.0362086
2.787e-05
0.00702471
0.00887906
0.0100711
0.00858479
0.0106245
0.0065199
0.00556156
0.000810254
0.00794365
0.0122422
0.0722285
0.0145213
0.0283597
0.0278978
0.0161051
0.0175594
0.0113367
0.000747181
0.0105365
0.0195637
0.16896
0.0233408
0.0521828
0.0586786
0.039983
0.0384668
0.0235423
0.00386385
0.0150732
0.0301118
0.0821758
0.0183264
0.00620448
0.0193659
0.0166981
0.00299495
0.0218751
0.0191503
0.00136246
0.00749151
0.0020574
0.058176
0.00642104
0.0297952
0.0254278
0.0173758
0.0249108
0.021407
0.0138213
0.00628486
0.00554391
0.016182
0.030045
0.0248585
0.000626969
0.0114713
0.0115566
0.104252
0.0358204
0.0473929
0.0431948
0.0299464
0.0196012
0.00443959
0.0120778
0.02512
0.0604753
0.018348
0.00359803
0.0149826
0.0136241
0.00976928
0.019463
0.0195554
0.0102331
0.00948268
0.000295275
0.0104602
0.0158332
0.341631
0.0694065
0.113791
0.121429
0.0964933
0.070069
0.0323034
0.00815737
0.0412548
0.0653965
0.104273
0.0349719
0.00539011
0.0158486
0.0235815
0.00761759
0.0308586
0.0360879
0.0136462
0.0218006
0.0107989
0.00530902
0.0144849
0.0268684
0.0365447
0.00706285
0.00754163
0.0120582
0.0034986
0.00800615
0.0130717
0.00549768
0.0082539
0.00117215
0.00904469
0.0100589
0.0627457
0.00913774
0.0207788
0.0230109
0.00934722
0.0159133
0.0124968
0.00281804
0.00565944
0.0135671
0.0432705
0.0128259
0.00828567
0.0160334
0.0108507
0.00817486
0.0127535
0.00965412
0.0019246
0.00495186
0.0118814
0.0470596
0.00711747
0.0129012
0.0185308
0.00505297
0.0136214
0.0142954
0.00775514
0.00121123
0.00668179
0.0160148
0.0780725
0.0041572
0.0251835
0.0288667
0.0118225
0.0265817
0.0246414
0.0116162
0.00627013
0.00545968
0.0178667
0.0298317
0.0247333
0.00193644
0.0117906
0.0117436
0.0234728
0.0171255
0.0198715
0.013668
0.00931784
0.00310521
0.00607289
0.014266
0.035304
0.00967132
0.00822456
0.0137396
0.00756641
0.00796383
0.0111875
0.00835197
0.000785951
0.00535529
0.0117338
0.0979169
0.00937935
0.0320531
0.0364103
0.0127842
0.0261817
0.019495
0.00755595
0.00574701
0.0170582
0.0329648
0.0316525
0.00266714
0.0109122
0.0126591
0.017217
0.0159868
0.0194997
0.0134057
0.00998924
0.00394508
0.0054473
0.0133705
0.0293923
0.0137238
0.00531088
0.0121312
0.00926372
0.00305522
0.0105107
0.00893195
0.00138235
0.00271137
0.00847244
0.0493781
0.0122333
0.015688
0.0226308
0.0131447
0.0151072
0.0138725
0.0069581
0.00298298
0.0111599
0.0218404
0.0361483
0.000807037
0.0137706
0.014485
0.0904674
0.0340431
0.0435781
0.0380158
0.0257471
0.0161265
0.00163737
0.0133536
0.0252971
0.121202
0.00235758
0.0284404
0.0376237
0.0662058
0.049489
0.0534442
0.0405822
0.0251375
0.00842794
0.0110206
0.0267323
0.0487238
0.0320167
0.00654902
0.00870247
0.0126237
0.00166335
0.0109526
0.0162376
0.0122561
0.0151438
0.0115723
0.00713433
7.91074e-05
0.00835096
0.0155018
1.07489
0.245131
0.36776
0.385364
0.317431
0.210418
0.0808224
0.042997
0.135952
0.191813
0.20155
0.133894
0.0682511
0.00411916
0.0438048
0.0692725
0.065143
0.105908
0.108908
0.0806535
0.0500918
0.012451
0.0243871
0.0513153
0.0863404
0.0537292
0.022859
0.00192556
0.0152781
0.0187051
0.0664046
0.0411124
0.0500345
0.0444612
0.0303962
0.0163384
0.0023937
0.0194227
0.0334841
0.105923
0.00196908
0.0219344
0.0312499
0.0787108
0.0479287
0.0562289
0.0463761
0.0304618
0.0145637
0.0059021
0.0232437
0.0387303
0.0562375
0.0115141
0.00682133
0.0151859
0.00961701
0.00609268
0.0181612
0.0142741
0.00826313
0.00580821
0.00354515
0.0134395
0.0207231
0.0245629
0.00412366
0.0126124
0.0114419
0.00149223
0.0110721
0.0102382
0.00568789
0.000958389
0.00726975
0.0154771
0.0727255
0.0110957
0.0277933
0.028242
0.0130988
0.0191992
0.0136464
0.00229201
0.00767454
0.0167829
0.0620946
0.00822496
0.0129499
0.0206413
0.00708304
0.0151974
0.0170214
0.00935045
0.00430524
0.00480747
0.0147657
0.0288111
0.0176595
0.00553985
0.0127375
0.0107484
0.00297565
0.0108174
0.00949448
0.00184855
0.00260005
0.00844389
0.0392263
0.0172673
0.0117566
0.0196102
0.0146893
0.0114698
0.0123465
0.00673585
0.00256923
0.00952177
0.0188722
0.0359138
0.00130332
0.0140443
0.0145873
0.047447
0.0237758
0.0284801
0.0218161
0.0140024
0.00773489
0.0038249
0.0143754
0.0249172
0.0348938
1.54173e-05
0.0163658
0.0118123
6.38297
1.62262
2.2558
2.30731
1.88379
1.17682
0.374437
0.346885
0.856888
1.10636
1.07068
0.811729
0.451885
0.0751662
0.23735
0.436021
0.46878
0.476267
0.36397
0.19687
0.0225312
0.125859
0.221763
0.326353
0.208105
0.124533
0.035443
0.0376422
0.0859699
0.0922878
0.09854
0.0947026
0.0638849
0.0267293
0.0125964
0.0438096
0.0678369
0.0809429
0.0347163
0.00785844
0.0115755
0.020011
0.00523239
0.0210731
0.0293106
0.00782474
0.0195991
0.0114196
0.00386431
0.010117
0.0201786
0.038611
0.00734864
0.00816786
0.013122
0.00444022
0.00862364
0.0126258
0.00725849
0.00528383
0.00192752
0.0104351
0.0166814
0.0356532
0.00707375
0.0167822
0.0153546
0.00485808
0.0117084
0.00880603
0.000252324
0.00477622
0.0111486
0.298477
0.0545693
0.100145
0.108234
0.0841054
0.0631488
0.0301493
0.00607342
0.0361377
0.0583993
0.109481
0.0281164
0.000856129
0.0202993
0.023732
0.227167
0.0844896
0.108664
0.10425
0.0761567
0.0445983
0.00815989
0.0265129
0.0516964
0.100582
0.0443239
0.0137114
0.00951063
0.0197575
0.0154931
0.0143857
0.0265572
0.0213718
0.0144605
0.00671126
0.00584473
0.0167822
0.0305934
0.025768
0.000268518
0.0111791
0.0114416
0.270071
0.0746437
0.104119
0.103114
0.0783786
0.0513642
0.0178844
0.0171723
0.043706
0.0686238
0.0598696
0.0266418
0.00301733
0.0118884
0.0172476
0.0299011
0.0277323
0.036327
0.0302661
0.0218274
0.0124201
0.0028838
0.016292
0.0279628
0.0676331
0.00257992
0.0154543
0.0213577
0.0327022
0.0268067
0.0317075
0.0235767
0.0156948
0.00654714
0.00646313
0.0176215
0.0331764
0.0250518
0.000472226
0.0109996
0.0115325
0.152078
0.0471294
0.0642484
0.0614412
0.0443693
0.0291703
0.00891263
0.013156
0.0302484
0.055082
0.0344462
0.00877563
0.00787399
0.0130398
0.00582752
0.00917085
0.0168456
0.00961782
0.0106812
0.00615549
0.00359639
0.00992642
0.0189372
0.0237023
0.000815069
0.011379
0.0107169
0.058348
0.0236177
0.0296098
0.0240527
0.0156846
0.0103376
0.000650751
0.0117927
0.0206835
0.193043
0.0309549
0.0614259
0.0675734
0.0493385
0.0426582
0.0242328
0.00137544
0.0196682
0.035821
0.216605
0.0116702
0.0498092
0.0648488
0.0280013
0.0536011
0.0413451
0.0199027
0.000957731
0.0211515
0.0376846
0.288225
0.0325397
0.0775123
0.0922974
0.0698687
0.0642873
0.0394409
0.00953253
0.0197028
0.0416822
0.0758106
0.0419649
0.0139524
0.00665111
0.0153245
0.0128287
0.0053588
0.0218571
0.0194734
0.00763684
0.010983
0.000221175
0.0135713
0.0149812
0.488454
0.105505
0.16317
0.173218
0.140413
0.0977282
0.0419019
0.0150001
0.0599434
0.0908535
0.114735
0.0559152
0.0204061
0.00918815
0.0262277
0.027211
0.0159081
0.0385772
0.0334862
0.0194892
0.0103057
0.00624029
0.0208636
0.0340807
0.0386521
0.00565488
0.00875755
0.0129562
0.000324138
0.0109156
0.0156108
0.114944
0.0380762
0.0448176
0.0412074
0.0283515
0.0176237
0.00267171
0.013112
0.0257665
0.0852634
0.00898389
0.0141151
0.02419
0.00880215
0.018977
0.0219228
0.0119645
0.00864816
0.00260486
0.0139773
0.0217273
0.0480144
0.00242665
0.0156135
0.0175211
0.0245956
0.0210161
0.0232931
0.0154568
0.0101885
0.00197583
0.00828299
0.0171607
0.0616753
0.00245942
0.0162287
0.0214272
0.0301792
0.0251325
0.0284509
0.0198151
0.0127807
0.00356215
0.00820817
0.0183743
0.0456736
0.0125381
0.00703046
0.0147539
0.0101033
0.00626873
0.0133492
0.010677
0.00565039
0.0021766
0.00954755
0.0190761
0.0370481
0.00416836
0.0163311
0.0156667
0.00396143
0.0143536
0.0135902
0.00530565
0.000933138
0.00637452
0.0185394
0.0879733
0.0101738
0.032285
0.033966
0.0134301
0.0239599
0.0172745
0.00522419
0.00681361
0.0173678
0.0389376
0.0227253
0.0010972
0.012286
0.012315
0.0602613
0.0269368
0.0335743
0.0284028
0.0188434
0.0117324
0.000740719
0.0131295
0.023216
0.198075
0.0290781
0.0608387
0.0681728
0.0493699
0.0442065
0.0259775
0.00320696
0.0182319
0.0348478
0.109271
0.0157395
0.0117266
0.0263144
0.0191037
0.0175607
0.0257415
0.0188142
0.0110088
0.000846561
0.0125619
0.0229752
0.167415
0.0226942
0.0512696
0.0577375
0.0391348
0.0384408
0.0239666
0.00474903
0.0141209
0.0291331
0.0702251
0.0219305
0.00194417
0.015416
0.0156385
0.0438045
0.029262
0.0336276
0.0273274
0.0182719
0.00949581
0.00447772
0.0166048
0.0286255
0.0402931
0.00323471
0.0108796
0.0141459
0.0128173
0.0155246
0.0192677
0.012052
0.00985897
0.00322178
0.00634715
0.0135552
0.034305
0.00939194
0.00729657
0.0131116
0.00722218
0.00690222
0.0110015
0.00844989
0.0011295
0.00469442
0.0109121
0.0666853
0.000583755
0.0215261
0.0256305
0.225887
0.0740105
0.0958211
0.0892871
0.0648687
0.0388468
0.00794623
0.0222221
0.0445412
0.0867106
0.0393762
0.0110298
0.0095495
0.0176866
0.0109782
0.0139308
0.0234218
0.0169891
0.0134025
0.00615594
0.00541667
0.0148124
0.0281596
0.0233003
0.000575982
0.0111902
0.0109753
0.105553
0.0355859
0.0472169
0.042962
0.029809
0.0196675
0.00469977
0.01175
0.0247445
0.0576631
0.0192596
0.00264017
0.0141401
0.0134127
0.0203843
0.0211225
0.0228216
0.0157669
0.0113309
0.00331037
0.00717907
0.0158698
0.0406168
0.0108535
0.00749838
0.0142398
0.00870404
0.00714133
0.0122378
0.00939888
0.0031075
0.0036496
0.0105054
0.0286274
0.0160423
0.00695699
0.0140593
0.011042
0.00574865
0.0105153
0.00728998
0.000813154
0.00531205
0.0118727
0.0852174
0.00909149
0.0295051
0.0323754
0.0111245
0.0230514
0.0172107
0.00585824
0.00582045
0.0160942
0.0343256
0.0258835
4.38581e-05
0.0130627
0.0118275
1.95738
0.48219
0.686265
0.708689
0.580616
0.371583
0.128522
0.0959088
0.258684
0.34811
0.342723
0.24731
0.132704
0.0162919
0.0759516
0.130954
0.0888907
0.151856
0.129653
0.0795297
0.0277839
0.0256413
0.0654112
0.0962462
0.0878271
0.0480086
0.015384
0.0101335
0.0247144
0.0214732
0.0188559
0.0355652
0.0291499
0.0187622
0.00838638
0.00713194
0.0203615
0.0356555
0.0312341
0.00388927
0.00960667
0.0120224
0.00707167
0.0128088
0.0164235
0.00810907
0.00957186
0.00356164
0.00606721
0.010669
0.0265769
0.00837632
0.00501802
0.0109326
0.0061137
0.00378218
0.00967871
0.00685788
0.000188911
0.00353177
0.00950758
0.31273
0.059105
0.107552
0.114897
0.0894834
0.0659589
0.0304537
0.00795038
0.0393175
0.0625275
0.0995423
0.0325693
0.00409615
0.0159158
0.0225544
0.0196975
0.0326548
0.0384095
0.0269238
0.0213187
0.00948618
0.00646121
0.0190973
0.0338122
0.035304
0.00557669
0.00872706
0.0123823
0.000279883
0.0106212
0.0148017
0.121818
0.0391529
0.0463494
0.0433437
0.0301672
0.0190759
0.00384335
0.012582
0.0256901
0.0671405
0.0159128
0.00627471
0.017286
0.0138097
0.00391241
0.018328
0.0156948
0.00558076
0.00382318
0.00505278
0.0192391
0.0274895
0.0120499
0.00987429
0.0132925
0.00872625
0.00859306
0.00974465
0.00568564
0.00166321
0.0072354
0.0151737
0.0408243
0.00417156
0.0171912
0.0169777
0.00415599
0.0149863
0.0138845
0.00565333
0.000474817
0.00708022
0.0188794
0.178866
0.0317927
0.06275
0.0659937
0.0476433
0.0397775
0.0212319
0.00163728
0.0216487
0.0374694
0.179724
0.00707183
0.0403024
0.0535118
0.00329763
0.0498015
0.0430918
0.00507048
0.0155258
0.000979579
0.0336411
0.0203061
0.176724
0.0336788
0.0567913
0.0613689
0.045864
0.0381396
0.0214145
0.000325913
0.0195276
0.033736
0.769771
0.146402
0.241914
0.264206
0.220931
0.155742
0.0696942
0.0164712
0.0849507
0.128472
0.173634
0.090139
0.0404761
0.00501436
0.0354188
0.0477315
0.0216638
0.0679872
0.0666506
0.0399283
0.0284993
0.00429214
0.0195568
0.0362772
0.0953148
0.0218535
0.00415234
0.0197698
0.019254
0.0116389
0.027902
0.0274171
0.0145876
0.0129313
0.00162182
0.011185
0.0189486
0.0896058
0.0028192
0.0228477
0.02932
0.0343458
0.0332934
0.0350174
0.0237157
0.01454
0.00215934
0.0115511
0.0229994
0.085227
0.00426587
0.0180605
0.026307
0.0123234
0.0261756
0.0281385
0.0148745
0.0121145
0.000812943
0.0119122
0.0199412
0.169336
0.0227579
0.050874
0.0579054
0.0392799
0.0383426
0.0238462
0.00455178
0.0143101
0.029305
0.0723781
0.0211915
0.00275771
0.0161314
0.0158758
0.0243573
0.0253722
0.0272468
0.0194796
0.0136148
0.00447431
0.0074021
0.017302
0.0384262
0.0164877
0.00377458
0.0125519
0.0107822
0.0038017
0.0135851
0.0133529
0.00416274
0.00418548
0.00302878
0.0170877
0.0182199
0.0173765
0.0106293
0.0133842
0.0105313
0.00835631
0.00861784
0.00336476
0.00399508
0.00904015
0.0231297
0.0121125
0.00527913
0.0117518
0.00844982
0.0036697
0.00932095
0.0057672
0.00235969
0.00421185
0.0110337
0.0220589
0.00327644
0.0107524
0.0114421
0.00414839
0.0106405
0.0104221
0.00544172
0.000674998
0.00553239
0.0141442
0.0994811
0.0143878
0.0363705
0.0380512
0.0207833
0.0247541
0.016076
0.00197623
0.0107777
0.0217941
0.0918505
0.00416669
0.0195019
0.0284234
0.0144384
0.0286013
0.0302585
0.0167431
0.0126002
0.000542451
0.0126518
0.0214837
0.267639
0.0444822
0.083472
0.0924403
0.0715751
0.0572003
0.030282
0.000587989
0.0284503
0.047453
0.636541
0.0993714
0.183241
0.208461
0.176076
0.132264
0.0668029
0.00172797
0.0604924
0.0969917
0.53719
0.0155058
0.0985749
0.140579
0.0794999
0.129503
0.098705
0.0505061
0.00297063
0.0402538
0.0701041
0.251147
0.0232619
0.0248053
0.0540431
0.0460071
0.0501366
0.0517873
0.0348445
0.0157386
0.0074163
0.0264764
0.043542
0.0560808
0.0149205
0.00421722
0.0139374
0.01191
0.00609373
0.0204335
0.0200638
0.00745645
0.0123631
0.00368037
0.00896056
0.0118361
0.0324467
0.00651534
0.00448679
0.0110366
0.00417241
0.0028895
0.011217
0.00851103
0.00497223
0.00135748
0.00802647
0.0160165
0.0472822
0.00809904
0.020778
0.0196062
0.00672798
0.0141684
0.0106495
0.000860144
0.0056214
0.0128727
0.110114
0.007396
0.0335097
0.0398727
0.00699242
0.0310752
0.0247006
0.0101019
0.00151248
0.0143052
0.0291589
0.113171
0.00821774
0.0322989
0.0382436
0.00899406
0.0313527
0.0257329
0.0112419
0.000784296
0.0123489
0.0263499
0.209863
0.0275453
0.0630688
0.0716132
0.0511848
0.0473838
0.0283813
0.00472831
0.0178647
0.0352942
0.0871484
0.0242847
0.00175449
0.0174344
0.0184839
0.0640678
0.037895
0.0442925
0.0377622
0.0253254
0.0133769
0.00345244
0.0184513
0.0316149
0.0673888
0.00533141
0.0133045
0.0202765
0.00361221
0.0189411
0.0226161
0.000405689
0.0139137
0.00580483
0.108415
0.0150823
0.0136731
0.0337599
0.0222754
0.0172424
0.0161493
0.00483764
0.00768623
0.0165488
0.0384053
0.0179479
0.00184249
0.0118484
0.0109039
0.0251494
0.0181514
0.0207128
0.0146824
0.00999449
0.0037335
0.00573739
0.0142181
0.031925
0.0130402
0.00613144
0.0126947
0.00926974
0.00463414
0.0107714
0.00905909
0.00158511
0.00354533
0.0094264
0.0465107
0.00875756
0.0139575
0.0199941
0.00834434
0.0139445
0.0137223
0.00819663
0.00133449
0.00924237
0.0177421
0.0740588
0.00698452
0.0244752
0.0270888
0.00448582
0.0213545
0.0178612
0.00781429
0.0012216
0.0110608
0.0236301
0.0998994
0.0110181
